1 0 2 0 3 0 4.9 0 5.1 0 6 0 7 0
2 0 3 0 4 0 5.8 0 6.5 0 7 0 8 0
3 0 4 0 5 0 6.7 0 7.0 0 8 0 9 0
1.1 0 2.1 0 3.6 0 4.65 0 5 0 6 0 7 0
2.2 0 3.2 0 4.5 0 5.68 0 6 0 7 0 8.29 0
3.3 0 4.3 0 5.4 0 6.58 0 7 0 8 0 9.9308 0
1.4 0 2.4 0 3.3 0 4.282 0 5 0 6.7923 0 7.948 0
2.5 0 3.5 0 4.2 0 5.9859865 0 6.892 0 7084 0 8 0
3.6 0 4.6 0 5.1 0 6.847 0 7.83 0 8 0 9.308 0
1 0 2 0 3 0 4.9 0 5.1 0 6 0 7 0
2 0 3 0 4 0 5.8 0 6.5 0 7 0 8 0
3 0 4 0 5 0 6.7 0 7.0 0 8 0 9 0
1.1 0 2.1 0 3.6 0 4.65 0 5 0 6 0 7 0
2.2 0 3.2 0 4.5 0 5.68 0 6 0 7 0 8.29 0
3.3 0 4.3 0 5.4 0 6.58 0 7 0 8 0 9.9308 0
1.4 0 2.4 0 3.3 0 4.282 0 5 0 6.7923 0 7.948 0
2.5 0 3.5 0 4.2 0 5.9859865 0 6.892 0 7084 0 8 0
3.6 0 4.6 0 5.1 0 6.847 0 7.83 0 8 0 9.308 0
1 0 2 0 3 0 4.9 0 5.1 0 6 0 7 0
2 0 3 0 4 0 5.8 0 6.5 0 7 0 8 0
3 0 4 0 5 0 6.7 0 7.0 0 8 0 9 0
1.1 0 2.1 0 3.6 0 4.65 0 5 0 6 0 7 0
2.2 0 3.2 0 4.5 0 5.68 0 6 0 7 0 8.29 0
3.3 0 4.3 0 5.4 0 6.58 0 7 0 8 0 9.9308 0
701.4 0 2.4 0 3.3 0 4.282 0 5 0 6.7923 0 7.948 0
2.5 0 3.5 0 4.2 0 5.9859865 0 6.892 0 7084 0 8.987 0
3.6 0 4.6 0 5.1 0 6.847 0 7.83 0 8 0 9.308 0
1 0 2.24 0 3.908 0 4.9 0 5.1 0 6 0 7.897 0
2 0 3.1908 0 3.844 0 5.8 0 6.5 0 7 0 8 0
3 0 4.58 0 5 0 6.7 0 7.0 0 8.0978 0 9.83 0
1.1 0 2.1 0 3.6 0 4.65 0 5.48 0 6 0 7.27 0
2.2 0 3.2 0 4.5 0 5.68 0 6 0 7 0 8.29 0
3.3 0 4.3 0 5.4 0 6.58 0 7 0 8 0 9.9308 0
1.4 0 2.4 0 3.3 0 4.282 0 5 0 6.7923 0 7.948 0
2.5 0 3.5345 0 4.22322 0 5.9859865 0 6.892 0 7084 0 8 0
3.6 0 4.6 0 5.1 0 6.847 0 7.8397107 0 8 0 9.308 0
1 0 2 0 3 0 4.9 0 5.1 0 6.9028 0 7 0
2 0 3 0 4 0 5.8 0 6.531 0 7 0 8 0
3 0 4 0 5 0 6.7 0 7.102 0 8 0 9 0
1.1 0 2.1 0 3.6 0 4.165 0 5 0 6 0 7 0
2.2 0 3.223 0 4.51 0 5.68 0 6 0 7 0 8.29 0
3.3 0 4.32 0 5.41 0 6.58 0 7 0 8 0 9.9308 0
1.4 0 2.42 0 3.13 0 4.282 0 5 0 6.7923 0 7.948 0
2.5 0 3.5232 0 4.2 0 5.9859865 0 6.892 0 7084 0 8 0
3.6 0 4.6 0 5.1 0 6.847 0 7.83 0 8 0 9.308 0
1 0 2 0 3.983 0 4.942 0 5.1 0 6 0 7 0
2 0 3 0 4 0 5.832 0 6.4345 0 7.9048 0 8.8974 0
3 0 4 0 5 0 6.7 0 7.0 0 8 0 9.161 0
1.1 0 2.1 0 3.6 0 4.65 0 5.9084 0 6 0 7 0
2.2 0 3.2 0 4.5 0 5.68 0 6.9072 0 7 0 8.29 0
3.3 0 4.3 0 5.4 0 6.580982 0 7 0 8 0 9.9308 0
1.4 0 2.4 0 3.3 0 4.282 0 5 0 6.7923 0 7.948 0
2.5 0 3.5 0 4.2 0 5.985989265 0 6.892 0 7084 0 8 0
3.6 0 4.6 0 5.1 0 6.8490287 0 7.83 0 8 0 9.308 0
1 0 2 0 3 0 4.9 0 5.1 0 6 0 7.8297 0
2 0 3 0 4 0 5.8 0 6.5 0 7 0 8.827 0
3 0 4 0 5 0 6.7 0 7.0 0 8 0 9.8729 0
1.1 0 2.1 0 3.6 0 4.65 0 5 0 6.9208 0 7 0
2.2 0 3.2 0 4.5 0 5.68 0 6 0 7 0 8.29 0
3.3 0 4.3 0 5.4 0 6.58 0 7.8307 0 8 0 9.9308 0
701.4 0 2.4 0 3.3 0 4.282 0 5 0 6.7923 0 7.948 0
2.5 0 3.5 0 4.295 0 5.9859865 0 6.892 0 7084 0 8.987 0
3.632 0 4.236 0 5.1 0 6.847 0 7.83 0 8 0 9.308 0
1.897 0 2.24 0 3.90898 0 4.9 0 5.1 0 6 0 7.897 0
2 0 3.1908 0 3.8442 0 5.8 0 6.5 0 7 0 8 0
3 0 4.58 0 5.9 0 6.7 0 7.0 0 8.0978 0 9.83 0
1.1 0 2.21 0 3.6 0 4.65 0 5.48 0 6 0 7.27 0
2.2 0 3.22 0 4.35 0 5.68 0 6 0 7 0 8.29 0
3.3 0 4.3 0 5.434 0 6.58 0 7 0 8 0 9.9308 0
1.4 0 2.4 0 3.3 0 4.282 0 5 0 6.7923 0 7.948 0
2.5 0 3.5345 0 4.2342 0 5.9859865 0 6.892 0 70824 0 8 0
3.6 0 4.6 0 5.1 0 6.847 0 7.83 0 8 0 9.30823 0