 0.01 0  0.01 0 -1.22243 0 0.184407 0 1.89037 0 
 0.01 0  0.01 0 0.56744 0 0.641801 0 1.56687 0 
 0.01 0  0.01 0 0.601876 0 1.4697 0 1.04454 0 
 0.01 0  0.01 0 -0.598348 0 -0.495294 0 1.94334 0 
 0.01 0  0.01 0 0.558646 0 0.743042 0 -1.25013 0 
 0.01 0  0.01 0 2.69096 0 0.970701 0 0.483095 0 
 0.01 0  0.01 0 1.18897 0 1.21882 0 1.79301 0 
 0.01 0  0.01 0 -0.998406 0 1.88232 0 1.53568 0 
 0.01 0  0.01 0 0.498216 0 -2.62008 0 -0.229196 0 
 0.01 0  0.01 0 -0.49331 0 0.987538 0 -1.93092 0 
 0.01 0  0.01 0 0.591702 0 -2.03492 0 1.43366 0 
 0.01 0  0.01 0 1.50306 0 0.516746 0 -0.731554 0 
 0.01 0  0.01 0 -0.289452 0 -1.58027 0 1.86733 0 
 0.01 0  0.01 0 1.6625 0 1.1302 0 -0.01653 0 
 0.01 0  0.01 0 -1.89988 0 0.584047 0 -0.47343 0 
 0.01 0  0.01 0 0.536593 0 1.76774 0 0.526631 0 
 0.01 0  0.01 0 -0.684784 0 0.57611 0 0.80233 0 
 0.01 0  0.01 0 0.016975 0 -2.67606 0 0.407498 0 
 0.01 0  0.01 0 0.820247 0 -1.42983 0 1.61495 0 
 0.01 0  0.01 0 0.138349 0 2.14156 0 0.788972 0 
 0.01 0  0.01 0 -0.122827 0 -0.652966 0 1.75576 0 
 0.01 0  0.01 0 1.74662 0 -0.246441 0 1.6718 0 
 0.01 0  0.01 0 -1.24452 0 2.46093 0 0.702708 0 
 0.01 0  0.01 0 1.23788 0 1.19855 0 -0.618865 0 
 0.01 0  0.01 0 -0.258496 0 -2.15385 0 1.21896 0 
 0.01 0  0.01 0 -1.12464 0 1.55889 0 0.663691 0 
 0.01 0  0.01 0 -2.08273 0 0.59855 0 -1.33459 0 
 0.01 0  0.01 0 1.46466 0 -1.78857 0 0.158994 0 
 0.01 0  0.01 0 -2.17466 0 -0.909999 0 0.094299 0 
 0.01 0  0.01 0 1.0024 0 0.62151 0 1.00285 0 
 0.01 0  0.01 0 -1.12352 0 -1.36571 0 1.31762 0 
 0.01 0  0.01 0 2.09732 0 -0.737894 0 -0.746158 0 
 0.01 0  0.01 0 0.712285 0 -0.424467 0 -0.836389 0 
 0.01 0  0.01 0 2.55233 0 0.005659 0 -0.34694 0 
 0.01 0  0.01 0 -0.928252 0 -1.68472 0 0.69983 0 
 0.01 0  0.01 0 -1.32083 0 1.09086 0 -0.487439 0 
 0.01 0  0.01 0 1.99592 0 -0.683207 0 -0.800457 0 
 0.01 0  0.01 0 -2.54581 0 -1.02573 0 -0.421921 0 
 0.01 0  0.01 0 1.94082 0 1.23328 0 -0.314186 0 
 0.01 0  0.01 0 -1.23326 0 -0.246971 0 0.779953 0 
 0.01 0  0.01 0 0.409714 0 -1.59844 0 -1.63265 0 
 0.01 0  0.01 0 -0.965788 0 -1.70246 0 -0.13215 0 
 0.01 0  0.01 0 1.39254 0 -0.320534 0 -1.78009 0 
 0.01 0  0.01 0 -0.910982 0 -1.90722 0 0.496247 0 
 0.01 0  0.01 0 0.267777 0 -1.23171 0 -0.250683 0 
 0.01 0  0.01 0 2.31038 0 0.680038 0 -1.24175 0 
 0.01 0  0.01 0 -1.64126 0 -1.10857 0 -1.5756 0 
 0.01 0  0.01 0 2.34829 0 1.53485 0 -0.595342 0 
 0.01 0  0.01 0 -2.32381 0 0.102104 0 0.129259 0 
 0.01 0  0.01 0 0.779755 0 1.68374 0 -0.995653 0 
 0.01 0  0.01 0 -0.845226 0 -0.579129 0 1.31829 0 
 0.01 0  0.01 0 -1.15646 0 -1.31789 0 -1.67461 0 
 0.01 0  0.01 0 -1.49601 0 -0.235533 0 -1.89094 0 
 0.01 0  0.01 0 0.559117 0 -0.891254 0 1.73331 0 
 0.01 0  0.01 0 0.300542 0 -2.09 0 0.557393 0 
 0.01 0  0.01 0 -2.43175 0 -1.24298 0 -0.950932 0 
 0.01 0  0.01 0 -0.290572 0 -1.2111 0 1.19326 0 
 0.01 0  0.01 0 1.75615 0 -1.44512 0 -0.281104 0 
 0.01 0  0.01 0 0.395994 0 -2.07872 0 1.22628 0 
 0.01 0  0.01 0 -2.03182 0 -0.839978 0 -0.098325 0 
 0.01 0  0.01 0 -0.758977 0 0.867057 0 0.780806 0 
 0.01 0  3.0075 0 -1.22243 0 0.184407 0 1.89037 0 
 0.01 0  3.0075 0 0.56744 0 0.641801 0 1.56687 0 
 0.01 0  3.0075 0 0.601876 0 1.4697 0 1.04454 0 
 0.01 0  3.0075 0 -0.598348 0 -0.495294 0 1.94334 0 
 0.01 0  3.0075 0 0.558646 0 0.743042 0 -1.25013 0 
 0.01 0  3.0075 0 2.69096 0 0.970701 0 0.483095 0 
 0.01 0  3.0075 0 1.18897 0 1.21882 0 1.79301 0 
 0.01 0  3.0075 0 -0.998406 0 1.88232 0 1.53568 0 
 0.01 0  3.0075 0 0.498216 0 -2.62008 0 -0.229196 0 
 0.01 0  3.0075 0 -0.49331 0 0.987538 0 -1.93092 0 
 0.01 0  3.0075 0 0.591702 0 -2.03492 0 1.43366 0 
 0.01 0  3.0075 0 1.50306 0 0.516746 0 -0.731554 0 
 0.01 0  3.0075 0 -0.289452 0 -1.58027 0 1.86733 0 
 0.01 0  3.0075 0 1.6625 0 1.1302 0 -0.01653 0 
 0.01 0  3.0075 0 -1.89988 0 0.584047 0 -0.47343 0 
 0.01 0  3.0075 0 0.536593 0 1.76774 0 0.526631 0 
 0.01 0  3.0075 0 -0.684784 0 0.57611 0 0.80233 0 
 0.01 0  3.0075 0 0.016975 0 -2.67606 0 0.407498 0 
 0.01 0  3.0075 0 0.820247 0 -1.42983 0 1.61495 0 
 0.01 0  3.0075 0 0.138349 0 2.14156 0 0.788972 0 
 0.01 0  3.0075 0 -0.122827 0 -0.652966 0 1.75576 0 
 0.01 0  3.0075 0 1.74662 0 -0.246441 0 1.6718 0 
 0.01 0  3.0075 0 -1.24452 0 2.46093 0 0.702708 0 
 0.01 0  3.0075 0 1.23788 0 1.19855 0 -0.618865 0 
 0.01 0  3.0075 0 -0.258496 0 -2.15385 0 1.21896 0 
 0.01 0  3.0075 0 -1.12464 0 1.55889 0 0.663691 0 
 0.01 0  3.0075 0 -2.08273 0 0.59855 0 -1.33459 0 
 0.01 0  3.0075 0 1.46466 0 -1.78857 0 0.158994 0 
 0.01 0  3.0075 0 -2.17466 0 -0.909999 0 0.094299 0 
 0.01 0  3.0075 0 1.0024 0 0.62151 0 1.00285 0 
 0.01 0  3.0075 0 -1.12352 0 -1.36571 0 1.31762 0 
 0.01 0  3.0075 0 2.09732 0 -0.737894 0 -0.746158 0 
 0.01 0  3.0075 0 0.712285 0 -0.424467 0 -0.836389 0 
 0.01 0  3.0075 0 2.55233 0 0.005659 0 -0.34694 0 
 0.01 0  3.0075 0 -0.928252 0 -1.68472 0 0.69983 0 
 0.01 0  3.0075 0 -1.32083 0 1.09086 0 -0.487439 0 
 0.01 0  3.0075 0 1.99592 0 -0.683207 0 -0.800457 0 
 0.01 0  3.0075 0 -2.54581 0 -1.02573 0 -0.421921 0 
 0.01 0  3.0075 0 1.94082 0 1.23328 0 -0.314186 0 
 0.01 0  3.0075 0 -1.23326 0 -0.246971 0 0.779953 0 
 0.01 0  3.0075 0 0.409714 0 -1.59844 0 -1.63265 0 
 0.01 0  3.0075 0 -0.965788 0 -1.70246 0 -0.13215 0 
 0.01 0  3.0075 0 1.39254 0 -0.320534 0 -1.78009 0 
 0.01 0  3.0075 0 -0.910982 0 -1.90722 0 0.496247 0 
 0.01 0  3.0075 0 0.267777 0 -1.23171 0 -0.250683 0 
 0.01 0  3.0075 0 2.31038 0 0.680038 0 -1.24175 0 
 0.01 0  3.0075 0 -1.64126 0 -1.10857 0 -1.5756 0 
 0.01 0  3.0075 0 2.34829 0 1.53485 0 -0.595342 0 
 0.01 0  3.0075 0 -2.32381 0 0.102104 0 0.129259 0 
 0.01 0  3.0075 0 0.779755 0 1.68374 0 -0.995653 0 
 0.01 0  3.0075 0 -0.845226 0 -0.579129 0 1.31829 0 
 0.01 0  3.0075 0 -1.15646 0 -1.31789 0 -1.67461 0 
 0.01 0  3.0075 0 -1.49601 0 -0.235533 0 -1.89094 0 
 0.01 0  3.0075 0 0.559117 0 -0.891254 0 1.73331 0 
 0.01 0  3.0075 0 0.300542 0 -2.09 0 0.557393 0 
 0.01 0  3.0075 0 -2.43175 0 -1.24298 0 -0.950932 0 
 0.01 0  3.0075 0 -0.290572 0 -1.2111 0 1.19326 0 
 0.01 0  3.0075 0 1.75615 0 -1.44512 0 -0.281104 0 
 0.01 0  3.0075 0 0.395994 0 -2.07872 0 1.22628 0 
 0.01 0  3.0075 0 -2.03182 0 -0.839978 0 -0.098325 0 
 0.01 0  3.0075 0 -0.758977 0 0.867057 0 0.780806 0 
 0.01 0  6.005 0 -1.22243 0 0.184407 0 1.89037 0 
 0.01 0  6.005 0 0.56744 0 0.641801 0 1.56687 0 
 0.01 0  6.005 0 0.601876 0 1.4697 0 1.04454 0 
 0.01 0  6.005 0 -0.598348 0 -0.495294 0 1.94334 0 
 0.01 0  6.005 0 0.558646 0 0.743042 0 -1.25013 0 
 0.01 0  6.005 0 2.69096 0 0.970701 0 0.483095 0 
 0.01 0  6.005 0 1.18897 0 1.21882 0 1.79301 0 
 0.01 0  6.005 0 -0.998406 0 1.88232 0 1.53568 0 
 0.01 0  6.005 0 0.498216 0 -2.62008 0 -0.229196 0 
 0.01 0  6.005 0 -0.49331 0 0.987538 0 -1.93092 0 
 0.01 0  6.005 0 0.591702 0 -2.03492 0 1.43366 0 
 0.01 0  6.005 0 1.50306 0 0.516746 0 -0.731554 0 
 0.01 0  6.005 0 -0.289452 0 -1.58027 0 1.86733 0 
 0.01 0  6.005 0 1.6625 0 1.1302 0 -0.01653 0 
 0.01 0  6.005 0 -1.89988 0 0.584047 0 -0.47343 0 
 0.01 0  6.005 0 0.536593 0 1.76774 0 0.526631 0 
 0.01 0  6.005 0 -0.684784 0 0.57611 0 0.80233 0 
 0.01 0  6.005 0 0.016975 0 -2.67606 0 0.407498 0 
 0.01 0  6.005 0 0.820247 0 -1.42983 0 1.61495 0 
 0.01 0  6.005 0 0.138349 0 2.14156 0 0.788972 0 
 0.01 0  6.005 0 -0.122827 0 -0.652966 0 1.75576 0 
 0.01 0  6.005 0 1.74662 0 -0.246441 0 1.6718 0 
 0.01 0  6.005 0 -1.24452 0 2.46093 0 0.702708 0 
 0.01 0  6.005 0 1.23788 0 1.19855 0 -0.618865 0 
 0.01 0  6.005 0 -0.258496 0 -2.15385 0 1.21896 0 
 0.01 0  6.005 0 -1.12464 0 1.55889 0 0.663691 0 
 0.01 0  6.005 0 -2.08273 0 0.59855 0 -1.33459 0 
 0.01 0  6.005 0 1.46466 0 -1.78857 0 0.158994 0 
 0.01 0  6.005 0 -2.17466 0 -0.909999 0 0.094299 0 
 0.01 0  6.005 0 1.0024 0 0.62151 0 1.00285 0 
 0.01 0  6.005 0 -1.12352 0 -1.36571 0 1.31762 0 
 0.01 0  6.005 0 2.09732 0 -0.737894 0 -0.746158 0 
 0.01 0  6.005 0 0.712285 0 -0.424467 0 -0.836389 0 
 0.01 0  6.005 0 2.55233 0 0.005659 0 -0.34694 0 
 0.01 0  6.005 0 -0.928252 0 -1.68472 0 0.69983 0 
 0.01 0  6.005 0 -1.32083 0 1.09086 0 -0.487439 0 
 0.01 0  6.005 0 1.99592 0 -0.683207 0 -0.800457 0 
 0.01 0  6.005 0 -2.54581 0 -1.02573 0 -0.421921 0 
 0.01 0  6.005 0 1.94082 0 1.23328 0 -0.314186 0 
 0.01 0  6.005 0 -1.23326 0 -0.246971 0 0.779953 0 
 0.01 0  6.005 0 0.409714 0 -1.59844 0 -1.63265 0 
 0.01 0  6.005 0 -0.965788 0 -1.70246 0 -0.13215 0 
 0.01 0  6.005 0 1.39254 0 -0.320534 0 -1.78009 0 
 0.01 0  6.005 0 -0.910982 0 -1.90722 0 0.496247 0 
 0.01 0  6.005 0 0.267777 0 -1.23171 0 -0.250683 0 
 0.01 0  6.005 0 2.31038 0 0.680038 0 -1.24175 0 
 0.01 0  6.005 0 -1.64126 0 -1.10857 0 -1.5756 0 
 0.01 0  6.005 0 2.34829 0 1.53485 0 -0.595342 0 
 0.01 0  6.005 0 -2.32381 0 0.102104 0 0.129259 0 
 0.01 0  6.005 0 0.779755 0 1.68374 0 -0.995653 0 
 0.01 0  6.005 0 -0.845226 0 -0.579129 0 1.31829 0 
 0.01 0  6.005 0 -1.15646 0 -1.31789 0 -1.67461 0 
 0.01 0  6.005 0 -1.49601 0 -0.235533 0 -1.89094 0 
 0.01 0  6.005 0 0.559117 0 -0.891254 0 1.73331 0 
 0.01 0  6.005 0 0.300542 0 -2.09 0 0.557393 0 
 0.01 0  6.005 0 -2.43175 0 -1.24298 0 -0.950932 0 
 0.01 0  6.005 0 -0.290572 0 -1.2111 0 1.19326 0 
 0.01 0  6.005 0 1.75615 0 -1.44512 0 -0.281104 0 
 0.01 0  6.005 0 0.395994 0 -2.07872 0 1.22628 0 
 0.01 0  6.005 0 -2.03182 0 -0.839978 0 -0.098325 0 
 0.01 0  6.005 0 -0.758977 0 0.867057 0 0.780806 0 
 0.01 0  9.0025 0 -1.22243 0 0.184407 0 1.89037 0 
 0.01 0  9.0025 0 0.56744 0 0.641801 0 1.56687 0 
 0.01 0  9.0025 0 0.601876 0 1.4697 0 1.04454 0 
 0.01 0  9.0025 0 -0.598348 0 -0.495294 0 1.94334 0 
 0.01 0  9.0025 0 0.558646 0 0.743042 0 -1.25013 0 
 0.01 0  9.0025 0 2.69096 0 0.970701 0 0.483095 0 
 0.01 0  9.0025 0 1.18897 0 1.21882 0 1.79301 0 
 0.01 0  9.0025 0 -0.998406 0 1.88232 0 1.53568 0 
 0.01 0  9.0025 0 0.498216 0 -2.62008 0 -0.229196 0 
 0.01 0  9.0025 0 -0.49331 0 0.987538 0 -1.93092 0 
 0.01 0  9.0025 0 0.591702 0 -2.03492 0 1.43366 0 
 0.01 0  9.0025 0 1.50306 0 0.516746 0 -0.731554 0 
 0.01 0  9.0025 0 -0.289452 0 -1.58027 0 1.86733 0 
 0.01 0  9.0025 0 1.6625 0 1.1302 0 -0.01653 0 
 0.01 0  9.0025 0 -1.89988 0 0.584047 0 -0.47343 0 
 0.01 0  9.0025 0 0.536593 0 1.76774 0 0.526631 0 
 0.01 0  9.0025 0 -0.684784 0 0.57611 0 0.80233 0 
 0.01 0  9.0025 0 0.016975 0 -2.67606 0 0.407498 0 
 0.01 0  9.0025 0 0.820247 0 -1.42983 0 1.61495 0 
 0.01 0  9.0025 0 0.138349 0 2.14156 0 0.788972 0 
 0.01 0  9.0025 0 -0.122827 0 -0.652966 0 1.75576 0 
 0.01 0  9.0025 0 1.74662 0 -0.246441 0 1.6718 0 
 0.01 0  9.0025 0 -1.24452 0 2.46093 0 0.702708 0 
 0.01 0  9.0025 0 1.23788 0 1.19855 0 -0.618865 0 
 0.01 0  9.0025 0 -0.258496 0 -2.15385 0 1.21896 0 
 0.01 0  9.0025 0 -1.12464 0 1.55889 0 0.663691 0 
 0.01 0  9.0025 0 -2.08273 0 0.59855 0 -1.33459 0 
 0.01 0  9.0025 0 1.46466 0 -1.78857 0 0.158994 0 
 0.01 0  9.0025 0 -2.17466 0 -0.909999 0 0.094299 0 
 0.01 0  9.0025 0 1.0024 0 0.62151 0 1.00285 0 
 0.01 0  9.0025 0 -1.12352 0 -1.36571 0 1.31762 0 
 0.01 0  9.0025 0 2.09732 0 -0.737894 0 -0.746158 0 
 0.01 0  9.0025 0 0.712285 0 -0.424467 0 -0.836389 0 
 0.01 0  9.0025 0 2.55233 0 0.005659 0 -0.34694 0 
 0.01 0  9.0025 0 -0.928252 0 -1.68472 0 0.69983 0 
 0.01 0  9.0025 0 -1.32083 0 1.09086 0 -0.487439 0 
 0.01 0  9.0025 0 1.99592 0 -0.683207 0 -0.800457 0 
 0.01 0  9.0025 0 -2.54581 0 -1.02573 0 -0.421921 0 
 0.01 0  9.0025 0 1.94082 0 1.23328 0 -0.314186 0 
 0.01 0  9.0025 0 -1.23326 0 -0.246971 0 0.779953 0 
 0.01 0  9.0025 0 0.409714 0 -1.59844 0 -1.63265 0 
 0.01 0  9.0025 0 -0.965788 0 -1.70246 0 -0.13215 0 
 0.01 0  9.0025 0 1.39254 0 -0.320534 0 -1.78009 0 
 0.01 0  9.0025 0 -0.910982 0 -1.90722 0 0.496247 0 
 0.01 0  9.0025 0 0.267777 0 -1.23171 0 -0.250683 0 
 0.01 0  9.0025 0 2.31038 0 0.680038 0 -1.24175 0 
 0.01 0  9.0025 0 -1.64126 0 -1.10857 0 -1.5756 0 
 0.01 0  9.0025 0 2.34829 0 1.53485 0 -0.595342 0 
 0.01 0  9.0025 0 -2.32381 0 0.102104 0 0.129259 0 
 0.01 0  9.0025 0 0.779755 0 1.68374 0 -0.995653 0 
 0.01 0  9.0025 0 -0.845226 0 -0.579129 0 1.31829 0 
 0.01 0  9.0025 0 -1.15646 0 -1.31789 0 -1.67461 0 
 0.01 0  9.0025 0 -1.49601 0 -0.235533 0 -1.89094 0 
 0.01 0  9.0025 0 0.559117 0 -0.891254 0 1.73331 0 
 0.01 0  9.0025 0 0.300542 0 -2.09 0 0.557393 0 
 0.01 0  9.0025 0 -2.43175 0 -1.24298 0 -0.950932 0 
 0.01 0  9.0025 0 -0.290572 0 -1.2111 0 1.19326 0 
 0.01 0  9.0025 0 1.75615 0 -1.44512 0 -0.281104 0 
 0.01 0  9.0025 0 0.395994 0 -2.07872 0 1.22628 0 
 0.01 0  9.0025 0 -2.03182 0 -0.839978 0 -0.098325 0 
 0.01 0  9.0025 0 -0.758977 0 0.867057 0 0.780806 0 
 0.01 0  12 0 -1.22243 0 0.184407 0 1.89037 0 
 0.01 0  12 0 0.56744 0 0.641801 0 1.56687 0 
 0.01 0  12 0 0.601876 0 1.4697 0 1.04454 0 
 0.01 0  12 0 -0.598348 0 -0.495294 0 1.94334 0 
 0.01 0  12 0 0.558646 0 0.743042 0 -1.25013 0 
 0.01 0  12 0 2.69096 0 0.970701 0 0.483095 0 
 0.01 0  12 0 1.18897 0 1.21882 0 1.79301 0 
 0.01 0  12 0 -0.998406 0 1.88232 0 1.53568 0 
 0.01 0  12 0 0.498216 0 -2.62008 0 -0.229196 0 
 0.01 0  12 0 -0.49331 0 0.987538 0 -1.93092 0 
 0.01 0  12 0 0.591702 0 -2.03492 0 1.43366 0 
 0.01 0  12 0 1.50306 0 0.516746 0 -0.731554 0 
 0.01 0  12 0 -0.289452 0 -1.58027 0 1.86733 0 
 0.01 0  12 0 1.6625 0 1.1302 0 -0.01653 0 
 0.01 0  12 0 -1.89988 0 0.584047 0 -0.47343 0 
 0.01 0  12 0 0.536593 0 1.76774 0 0.526631 0 
 0.01 0  12 0 -0.684784 0 0.57611 0 0.80233 0 
 0.01 0  12 0 0.016975 0 -2.67606 0 0.407498 0 
 0.01 0  12 0 0.820247 0 -1.42983 0 1.61495 0 
 0.01 0  12 0 0.138349 0 2.14156 0 0.788972 0 
 0.01 0  12 0 -0.122827 0 -0.652966 0 1.75576 0 
 0.01 0  12 0 1.74662 0 -0.246441 0 1.6718 0 
 0.01 0  12 0 -1.24452 0 2.46093 0 0.702708 0 
 0.01 0  12 0 1.23788 0 1.19855 0 -0.618865 0 
 0.01 0  12 0 -0.258496 0 -2.15385 0 1.21896 0 
 0.01 0  12 0 -1.12464 0 1.55889 0 0.663691 0 
 0.01 0  12 0 -2.08273 0 0.59855 0 -1.33459 0 
 0.01 0  12 0 1.46466 0 -1.78857 0 0.158994 0 
 0.01 0  12 0 -2.17466 0 -0.909999 0 0.094299 0 
 0.01 0  12 0 1.0024 0 0.62151 0 1.00285 0 
 0.01 0  12 0 -1.12352 0 -1.36571 0 1.31762 0 
 0.01 0  12 0 2.09732 0 -0.737894 0 -0.746158 0 
 0.01 0  12 0 0.712285 0 -0.424467 0 -0.836389 0 
 0.01 0  12 0 2.55233 0 0.005659 0 -0.34694 0 
 0.01 0  12 0 -0.928252 0 -1.68472 0 0.69983 0 
 0.01 0  12 0 -1.32083 0 1.09086 0 -0.487439 0 
 0.01 0  12 0 1.99592 0 -0.683207 0 -0.800457 0 
 0.01 0  12 0 -2.54581 0 -1.02573 0 -0.421921 0 
 0.01 0  12 0 1.94082 0 1.23328 0 -0.314186 0 
 0.01 0  12 0 -1.23326 0 -0.246971 0 0.779953 0 
 0.01 0  12 0 0.409714 0 -1.59844 0 -1.63265 0 
 0.01 0  12 0 -0.965788 0 -1.70246 0 -0.13215 0 
 0.01 0  12 0 1.39254 0 -0.320534 0 -1.78009 0 
 0.01 0  12 0 -0.910982 0 -1.90722 0 0.496247 0 
 0.01 0  12 0 0.267777 0 -1.23171 0 -0.250683 0 
 0.01 0  12 0 2.31038 0 0.680038 0 -1.24175 0 
 0.01 0  12 0 -1.64126 0 -1.10857 0 -1.5756 0 
 0.01 0  12 0 2.34829 0 1.53485 0 -0.595342 0 
 0.01 0  12 0 -2.32381 0 0.102104 0 0.129259 0 
 0.01 0  12 0 0.779755 0 1.68374 0 -0.995653 0 
 0.01 0  12 0 -0.845226 0 -0.579129 0 1.31829 0 
 0.01 0  12 0 -1.15646 0 -1.31789 0 -1.67461 0 
 0.01 0  12 0 -1.49601 0 -0.235533 0 -1.89094 0 
 0.01 0  12 0 0.559117 0 -0.891254 0 1.73331 0 
 0.01 0  12 0 0.300542 0 -2.09 0 0.557393 0 
 0.01 0  12 0 -2.43175 0 -1.24298 0 -0.950932 0 
 0.01 0  12 0 -0.290572 0 -1.2111 0 1.19326 0 
 0.01 0  12 0 1.75615 0 -1.44512 0 -0.281104 0 
 0.01 0  12 0 0.395994 0 -2.07872 0 1.22628 0 
 0.01 0  12 0 -2.03182 0 -0.839978 0 -0.098325 0 
 0.01 0  12 0 -0.758977 0 0.867057 0 0.780806 0 
 0.208 0  0.01 0 -1.22243 0 0.184407 0 1.89037 0 
 0.208 0  0.01 0 0.56744 0 0.641801 0 1.56687 0 
 0.208 0  0.01 0 0.601876 0 1.4697 0 1.04454 0 
 0.208 0  0.01 0 -0.598348 0 -0.495294 0 1.94334 0 
 0.208 0  0.01 0 0.558646 0 0.743042 0 -1.25013 0 
 0.208 0  0.01 0 2.69096 0 0.970701 0 0.483095 0 
 0.208 0  0.01 0 1.18897 0 1.21882 0 1.79301 0 
 0.208 0  0.01 0 -0.998406 0 1.88232 0 1.53568 0 
 0.208 0  0.01 0 0.498216 0 -2.62008 0 -0.229196 0 
 0.208 0  0.01 0 -0.49331 0 0.987538 0 -1.93092 0 
 0.208 0  0.01 0 0.591702 0 -2.03492 0 1.43366 0 
 0.208 0  0.01 0 1.50306 0 0.516746 0 -0.731554 0 
 0.208 0  0.01 0 -0.289452 0 -1.58027 0 1.86733 0 
 0.208 0  0.01 0 1.6625 0 1.1302 0 -0.01653 0 
 0.208 0  0.01 0 -1.89988 0 0.584047 0 -0.47343 0 
 0.208 0  0.01 0 0.536593 0 1.76774 0 0.526631 0 
 0.208 0  0.01 0 -0.684784 0 0.57611 0 0.80233 0 
 0.208 0  0.01 0 0.016975 0 -2.67606 0 0.407498 0 
 0.208 0  0.01 0 0.820247 0 -1.42983 0 1.61495 0 
 0.208 0  0.01 0 0.138349 0 2.14156 0 0.788972 0 
 0.208 0  0.01 0 -0.122827 0 -0.652966 0 1.75576 0 
 0.208 0  0.01 0 1.74662 0 -0.246441 0 1.6718 0 
 0.208 0  0.01 0 -1.24452 0 2.46093 0 0.702708 0 
 0.208 0  0.01 0 1.23788 0 1.19855 0 -0.618865 0 
 0.208 0  0.01 0 -0.258496 0 -2.15385 0 1.21896 0 
 0.208 0  0.01 0 -1.12464 0 1.55889 0 0.663691 0 
 0.208 0  0.01 0 -2.08273 0 0.59855 0 -1.33459 0 
 0.208 0  0.01 0 1.46466 0 -1.78857 0 0.158994 0 
 0.208 0  0.01 0 -2.17466 0 -0.909999 0 0.094299 0 
 0.208 0  0.01 0 1.0024 0 0.62151 0 1.00285 0 
 0.208 0  0.01 0 -1.12352 0 -1.36571 0 1.31762 0 
 0.208 0  0.01 0 2.09732 0 -0.737894 0 -0.746158 0 
 0.208 0  0.01 0 0.712285 0 -0.424467 0 -0.836389 0 
 0.208 0  0.01 0 2.55233 0 0.005659 0 -0.34694 0 
 0.208 0  0.01 0 -0.928252 0 -1.68472 0 0.69983 0 
 0.208 0  0.01 0 -1.32083 0 1.09086 0 -0.487439 0 
 0.208 0  0.01 0 1.99592 0 -0.683207 0 -0.800457 0 
 0.208 0  0.01 0 -2.54581 0 -1.02573 0 -0.421921 0 
 0.208 0  0.01 0 1.94082 0 1.23328 0 -0.314186 0 
 0.208 0  0.01 0 -1.23326 0 -0.246971 0 0.779953 0 
 0.208 0  0.01 0 0.409714 0 -1.59844 0 -1.63265 0 
 0.208 0  0.01 0 -0.965788 0 -1.70246 0 -0.13215 0 
 0.208 0  0.01 0 1.39254 0 -0.320534 0 -1.78009 0 
 0.208 0  0.01 0 -0.910982 0 -1.90722 0 0.496247 0 
 0.208 0  0.01 0 0.267777 0 -1.23171 0 -0.250683 0 
 0.208 0  0.01 0 2.31038 0 0.680038 0 -1.24175 0 
 0.208 0  0.01 0 -1.64126 0 -1.10857 0 -1.5756 0 
 0.208 0  0.01 0 2.34829 0 1.53485 0 -0.595342 0 
 0.208 0  0.01 0 -2.32381 0 0.102104 0 0.129259 0 
 0.208 0  0.01 0 0.779755 0 1.68374 0 -0.995653 0 
 0.208 0  0.01 0 -0.845226 0 -0.579129 0 1.31829 0 
 0.208 0  0.01 0 -1.15646 0 -1.31789 0 -1.67461 0 
 0.208 0  0.01 0 -1.49601 0 -0.235533 0 -1.89094 0 
 0.208 0  0.01 0 0.559117 0 -0.891254 0 1.73331 0 
 0.208 0  0.01 0 0.300542 0 -2.09 0 0.557393 0 
 0.208 0  0.01 0 -2.43175 0 -1.24298 0 -0.950932 0 
 0.208 0  0.01 0 -0.290572 0 -1.2111 0 1.19326 0 
 0.208 0  0.01 0 1.75615 0 -1.44512 0 -0.281104 0 
 0.208 0  0.01 0 0.395994 0 -2.07872 0 1.22628 0 
 0.208 0  0.01 0 -2.03182 0 -0.839978 0 -0.098325 0 
 0.208 0  0.01 0 -0.758977 0 0.867057 0 0.780806 0 
 0.208 0  3.0075 0 -1.22243 0 0.184407 0 1.89037 0 
 0.208 0  3.0075 0 0.56744 0 0.641801 0 1.56687 0 
 0.208 0  3.0075 0 0.601876 0 1.4697 0 1.04454 0 
 0.208 0  3.0075 0 -0.598348 0 -0.495294 0 1.94334 0 
 0.208 0  3.0075 0 0.558646 0 0.743042 0 -1.25013 0 
 0.208 0  3.0075 0 2.69096 0 0.970701 0 0.483095 0 
 0.208 0  3.0075 0 1.18897 0 1.21882 0 1.79301 0 
 0.208 0  3.0075 0 -0.998406 0 1.88232 0 1.53568 0 
 0.208 0  3.0075 0 0.498216 0 -2.62008 0 -0.229196 0 
 0.208 0  3.0075 0 -0.49331 0 0.987538 0 -1.93092 0 
 0.208 0  3.0075 0 0.591702 0 -2.03492 0 1.43366 0 
 0.208 0  3.0075 0 1.50306 0 0.516746 0 -0.731554 0 
 0.208 0  3.0075 0 -0.289452 0 -1.58027 0 1.86733 0 
 0.208 0  3.0075 0 1.6625 0 1.1302 0 -0.01653 0 
 0.208 0  3.0075 0 -1.89988 0 0.584047 0 -0.47343 0 
 0.208 0  3.0075 0 0.536593 0 1.76774 0 0.526631 0 
 0.208 0  3.0075 0 -0.684784 0 0.57611 0 0.80233 0 
 0.208 0  3.0075 0 0.016975 0 -2.67606 0 0.407498 0 
 0.208 0  3.0075 0 0.820247 0 -1.42983 0 1.61495 0 
 0.208 0  3.0075 0 0.138349 0 2.14156 0 0.788972 0 
 0.208 0  3.0075 0 -0.122827 0 -0.652966 0 1.75576 0 
 0.208 0  3.0075 0 1.74662 0 -0.246441 0 1.6718 0 
 0.208 0  3.0075 0 -1.24452 0 2.46093 0 0.702708 0 
 0.208 0  3.0075 0 1.23788 0 1.19855 0 -0.618865 0 
 0.208 0  3.0075 0 -0.258496 0 -2.15385 0 1.21896 0 
 0.208 0  3.0075 0 -1.12464 0 1.55889 0 0.663691 0 
 0.208 0  3.0075 0 -2.08273 0 0.59855 0 -1.33459 0 
 0.208 0  3.0075 0 1.46466 0 -1.78857 0 0.158994 0 
 0.208 0  3.0075 0 -2.17466 0 -0.909999 0 0.094299 0 
 0.208 0  3.0075 0 1.0024 0 0.62151 0 1.00285 0 
 0.208 0  3.0075 0 -1.12352 0 -1.36571 0 1.31762 0 
 0.208 0  3.0075 0 2.09732 0 -0.737894 0 -0.746158 0 
 0.208 0  3.0075 0 0.712285 0 -0.424467 0 -0.836389 0 
 0.208 0  3.0075 0 2.55233 0 0.005659 0 -0.34694 0 
 0.208 0  3.0075 0 -0.928252 0 -1.68472 0 0.69983 0 
 0.208 0  3.0075 0 -1.32083 0 1.09086 0 -0.487439 0 
 0.208 0  3.0075 0 1.99592 0 -0.683207 0 -0.800457 0 
 0.208 0  3.0075 0 -2.54581 0 -1.02573 0 -0.421921 0 
 0.208 0  3.0075 0 1.94082 0 1.23328 0 -0.314186 0 
 0.208 0  3.0075 0 -1.23326 0 -0.246971 0 0.779953 0 
 0.208 0  3.0075 0 0.409714 0 -1.59844 0 -1.63265 0 
 0.208 0  3.0075 0 -0.965788 0 -1.70246 0 -0.13215 0 
 0.208 0  3.0075 0 1.39254 0 -0.320534 0 -1.78009 0 
 0.208 0  3.0075 0 -0.910982 0 -1.90722 0 0.496247 0 
 0.208 0  3.0075 0 0.267777 0 -1.23171 0 -0.250683 0 
 0.208 0  3.0075 0 2.31038 0 0.680038 0 -1.24175 0 
 0.208 0  3.0075 0 -1.64126 0 -1.10857 0 -1.5756 0 
 0.208 0  3.0075 0 2.34829 0 1.53485 0 -0.595342 0 
 0.208 0  3.0075 0 -2.32381 0 0.102104 0 0.129259 0 
 0.208 0  3.0075 0 0.779755 0 1.68374 0 -0.995653 0 
 0.208 0  3.0075 0 -0.845226 0 -0.579129 0 1.31829 0 
 0.208 0  3.0075 0 -1.15646 0 -1.31789 0 -1.67461 0 
 0.208 0  3.0075 0 -1.49601 0 -0.235533 0 -1.89094 0 
 0.208 0  3.0075 0 0.559117 0 -0.891254 0 1.73331 0 
 0.208 0  3.0075 0 0.300542 0 -2.09 0 0.557393 0 
 0.208 0  3.0075 0 -2.43175 0 -1.24298 0 -0.950932 0 
 0.208 0  3.0075 0 -0.290572 0 -1.2111 0 1.19326 0 
 0.208 0  3.0075 0 1.75615 0 -1.44512 0 -0.281104 0 
 0.208 0  3.0075 0 0.395994 0 -2.07872 0 1.22628 0 
 0.208 0  3.0075 0 -2.03182 0 -0.839978 0 -0.098325 0 
 0.208 0  3.0075 0 -0.758977 0 0.867057 0 0.780806 0 
 0.208 0  6.005 0 -1.22243 0 0.184407 0 1.89037 0 
 0.208 0  6.005 0 0.56744 0 0.641801 0 1.56687 0 
 0.208 0  6.005 0 0.601876 0 1.4697 0 1.04454 0 
 0.208 0  6.005 0 -0.598348 0 -0.495294 0 1.94334 0 
 0.208 0  6.005 0 0.558646 0 0.743042 0 -1.25013 0 
 0.208 0  6.005 0 2.69096 0 0.970701 0 0.483095 0 
 0.208 0  6.005 0 1.18897 0 1.21882 0 1.79301 0 
 0.208 0  6.005 0 -0.998406 0 1.88232 0 1.53568 0 
 0.208 0  6.005 0 0.498216 0 -2.62008 0 -0.229196 0 
 0.208 0  6.005 0 -0.49331 0 0.987538 0 -1.93092 0 
 0.208 0  6.005 0 0.591702 0 -2.03492 0 1.43366 0 
 0.208 0  6.005 0 1.50306 0 0.516746 0 -0.731554 0 
 0.208 0  6.005 0 -0.289452 0 -1.58027 0 1.86733 0 
 0.208 0  6.005 0 1.6625 0 1.1302 0 -0.01653 0 
 0.208 0  6.005 0 -1.89988 0 0.584047 0 -0.47343 0 
 0.208 0  6.005 0 0.536593 0 1.76774 0 0.526631 0 
 0.208 0  6.005 0 -0.684784 0 0.57611 0 0.80233 0 
 0.208 0  6.005 0 0.016975 0 -2.67606 0 0.407498 0 
 0.208 0  6.005 0 0.820247 0 -1.42983 0 1.61495 0 
 0.208 0  6.005 0 0.138349 0 2.14156 0 0.788972 0 
 0.208 0  6.005 0 -0.122827 0 -0.652966 0 1.75576 0 
 0.208 0  6.005 0 1.74662 0 -0.246441 0 1.6718 0 
 0.208 0  6.005 0 -1.24452 0 2.46093 0 0.702708 0 
 0.208 0  6.005 0 1.23788 0 1.19855 0 -0.618865 0 
 0.208 0  6.005 0 -0.258496 0 -2.15385 0 1.21896 0 
 0.208 0  6.005 0 -1.12464 0 1.55889 0 0.663691 0 
 0.208 0  6.005 0 -2.08273 0 0.59855 0 -1.33459 0 
 0.208 0  6.005 0 1.46466 0 -1.78857 0 0.158994 0 
 0.208 0  6.005 0 -2.17466 0 -0.909999 0 0.094299 0 
 0.208 0  6.005 0 1.0024 0 0.62151 0 1.00285 0 
 0.208 0  6.005 0 -1.12352 0 -1.36571 0 1.31762 0 
 0.208 0  6.005 0 2.09732 0 -0.737894 0 -0.746158 0 
 0.208 0  6.005 0 0.712285 0 -0.424467 0 -0.836389 0 
 0.208 0  6.005 0 2.55233 0 0.005659 0 -0.34694 0 
 0.208 0  6.005 0 -0.928252 0 -1.68472 0 0.69983 0 
 0.208 0  6.005 0 -1.32083 0 1.09086 0 -0.487439 0 
 0.208 0  6.005 0 1.99592 0 -0.683207 0 -0.800457 0 
 0.208 0  6.005 0 -2.54581 0 -1.02573 0 -0.421921 0 
 0.208 0  6.005 0 1.94082 0 1.23328 0 -0.314186 0 
 0.208 0  6.005 0 -1.23326 0 -0.246971 0 0.779953 0 
 0.208 0  6.005 0 0.409714 0 -1.59844 0 -1.63265 0 
 0.208 0  6.005 0 -0.965788 0 -1.70246 0 -0.13215 0 
 0.208 0  6.005 0 1.39254 0 -0.320534 0 -1.78009 0 
 0.208 0  6.005 0 -0.910982 0 -1.90722 0 0.496247 0 
 0.208 0  6.005 0 0.267777 0 -1.23171 0 -0.250683 0 
 0.208 0  6.005 0 2.31038 0 0.680038 0 -1.24175 0 
 0.208 0  6.005 0 -1.64126 0 -1.10857 0 -1.5756 0 
 0.208 0  6.005 0 2.34829 0 1.53485 0 -0.595342 0 
 0.208 0  6.005 0 -2.32381 0 0.102104 0 0.129259 0 
 0.208 0  6.005 0 0.779755 0 1.68374 0 -0.995653 0 
 0.208 0  6.005 0 -0.845226 0 -0.579129 0 1.31829 0 
 0.208 0  6.005 0 -1.15646 0 -1.31789 0 -1.67461 0 
 0.208 0  6.005 0 -1.49601 0 -0.235533 0 -1.89094 0 
 0.208 0  6.005 0 0.559117 0 -0.891254 0 1.73331 0 
 0.208 0  6.005 0 0.300542 0 -2.09 0 0.557393 0 
 0.208 0  6.005 0 -2.43175 0 -1.24298 0 -0.950932 0 
 0.208 0  6.005 0 -0.290572 0 -1.2111 0 1.19326 0 
 0.208 0  6.005 0 1.75615 0 -1.44512 0 -0.281104 0 
 0.208 0  6.005 0 0.395994 0 -2.07872 0 1.22628 0 
 0.208 0  6.005 0 -2.03182 0 -0.839978 0 -0.098325 0 
 0.208 0  6.005 0 -0.758977 0 0.867057 0 0.780806 0 
 0.208 0  9.0025 0 -1.22243 0 0.184407 0 1.89037 0 
 0.208 0  9.0025 0 0.56744 0 0.641801 0 1.56687 0 
 0.208 0  9.0025 0 0.601876 0 1.4697 0 1.04454 0 
 0.208 0  9.0025 0 -0.598348 0 -0.495294 0 1.94334 0 
 0.208 0  9.0025 0 0.558646 0 0.743042 0 -1.25013 0 
 0.208 0  9.0025 0 2.69096 0 0.970701 0 0.483095 0 
 0.208 0  9.0025 0 1.18897 0 1.21882 0 1.79301 0 
 0.208 0  9.0025 0 -0.998406 0 1.88232 0 1.53568 0 
 0.208 0  9.0025 0 0.498216 0 -2.62008 0 -0.229196 0 
 0.208 0  9.0025 0 -0.49331 0 0.987538 0 -1.93092 0 
 0.208 0  9.0025 0 0.591702 0 -2.03492 0 1.43366 0 
 0.208 0  9.0025 0 1.50306 0 0.516746 0 -0.731554 0 
 0.208 0  9.0025 0 -0.289452 0 -1.58027 0 1.86733 0 
 0.208 0  9.0025 0 1.6625 0 1.1302 0 -0.01653 0 
 0.208 0  9.0025 0 -1.89988 0 0.584047 0 -0.47343 0 
 0.208 0  9.0025 0 0.536593 0 1.76774 0 0.526631 0 
 0.208 0  9.0025 0 -0.684784 0 0.57611 0 0.80233 0 
 0.208 0  9.0025 0 0.016975 0 -2.67606 0 0.407498 0 
 0.208 0  9.0025 0 0.820247 0 -1.42983 0 1.61495 0 
 0.208 0  9.0025 0 0.138349 0 2.14156 0 0.788972 0 
 0.208 0  9.0025 0 -0.122827 0 -0.652966 0 1.75576 0 
 0.208 0  9.0025 0 1.74662 0 -0.246441 0 1.6718 0 
 0.208 0  9.0025 0 -1.24452 0 2.46093 0 0.702708 0 
 0.208 0  9.0025 0 1.23788 0 1.19855 0 -0.618865 0 
 0.208 0  9.0025 0 -0.258496 0 -2.15385 0 1.21896 0 
 0.208 0  9.0025 0 -1.12464 0 1.55889 0 0.663691 0 
 0.208 0  9.0025 0 -2.08273 0 0.59855 0 -1.33459 0 
 0.208 0  9.0025 0 1.46466 0 -1.78857 0 0.158994 0 
 0.208 0  9.0025 0 -2.17466 0 -0.909999 0 0.094299 0 
 0.208 0  9.0025 0 1.0024 0 0.62151 0 1.00285 0 
 0.208 0  9.0025 0 -1.12352 0 -1.36571 0 1.31762 0 
 0.208 0  9.0025 0 2.09732 0 -0.737894 0 -0.746158 0 
 0.208 0  9.0025 0 0.712285 0 -0.424467 0 -0.836389 0 
 0.208 0  9.0025 0 2.55233 0 0.005659 0 -0.34694 0 
 0.208 0  9.0025 0 -0.928252 0 -1.68472 0 0.69983 0 
 0.208 0  9.0025 0 -1.32083 0 1.09086 0 -0.487439 0 
 0.208 0  9.0025 0 1.99592 0 -0.683207 0 -0.800457 0 
 0.208 0  9.0025 0 -2.54581 0 -1.02573 0 -0.421921 0 
 0.208 0  9.0025 0 1.94082 0 1.23328 0 -0.314186 0 
 0.208 0  9.0025 0 -1.23326 0 -0.246971 0 0.779953 0 
 0.208 0  9.0025 0 0.409714 0 -1.59844 0 -1.63265 0 
 0.208 0  9.0025 0 -0.965788 0 -1.70246 0 -0.13215 0 
 0.208 0  9.0025 0 1.39254 0 -0.320534 0 -1.78009 0 
 0.208 0  9.0025 0 -0.910982 0 -1.90722 0 0.496247 0 
 0.208 0  9.0025 0 0.267777 0 -1.23171 0 -0.250683 0 
 0.208 0  9.0025 0 2.31038 0 0.680038 0 -1.24175 0 
 0.208 0  9.0025 0 -1.64126 0 -1.10857 0 -1.5756 0 
 0.208 0  9.0025 0 2.34829 0 1.53485 0 -0.595342 0 
 0.208 0  9.0025 0 -2.32381 0 0.102104 0 0.129259 0 
 0.208 0  9.0025 0 0.779755 0 1.68374 0 -0.995653 0 
 0.208 0  9.0025 0 -0.845226 0 -0.579129 0 1.31829 0 
 0.208 0  9.0025 0 -1.15646 0 -1.31789 0 -1.67461 0 
 0.208 0  9.0025 0 -1.49601 0 -0.235533 0 -1.89094 0 
 0.208 0  9.0025 0 0.559117 0 -0.891254 0 1.73331 0 
 0.208 0  9.0025 0 0.300542 0 -2.09 0 0.557393 0 
 0.208 0  9.0025 0 -2.43175 0 -1.24298 0 -0.950932 0 
 0.208 0  9.0025 0 -0.290572 0 -1.2111 0 1.19326 0 
 0.208 0  9.0025 0 1.75615 0 -1.44512 0 -0.281104 0 
 0.208 0  9.0025 0 0.395994 0 -2.07872 0 1.22628 0 
 0.208 0  9.0025 0 -2.03182 0 -0.839978 0 -0.098325 0 
 0.208 0  9.0025 0 -0.758977 0 0.867057 0 0.780806 0 
 0.208 0  12 0 -1.22243 0 0.184407 0 1.89037 0 
 0.208 0  12 0 0.56744 0 0.641801 0 1.56687 0 
 0.208 0  12 0 0.601876 0 1.4697 0 1.04454 0 
 0.208 0  12 0 -0.598348 0 -0.495294 0 1.94334 0 
 0.208 0  12 0 0.558646 0 0.743042 0 -1.25013 0 
 0.208 0  12 0 2.69096 0 0.970701 0 0.483095 0 
 0.208 0  12 0 1.18897 0 1.21882 0 1.79301 0 
 0.208 0  12 0 -0.998406 0 1.88232 0 1.53568 0 
 0.208 0  12 0 0.498216 0 -2.62008 0 -0.229196 0 
 0.208 0  12 0 -0.49331 0 0.987538 0 -1.93092 0 
 0.208 0  12 0 0.591702 0 -2.03492 0 1.43366 0 
 0.208 0  12 0 1.50306 0 0.516746 0 -0.731554 0 
 0.208 0  12 0 -0.289452 0 -1.58027 0 1.86733 0 
 0.208 0  12 0 1.6625 0 1.1302 0 -0.01653 0 
 0.208 0  12 0 -1.89988 0 0.584047 0 -0.47343 0 
 0.208 0  12 0 0.536593 0 1.76774 0 0.526631 0 
 0.208 0  12 0 -0.684784 0 0.57611 0 0.80233 0 
 0.208 0  12 0 0.016975 0 -2.67606 0 0.407498 0 
 0.208 0  12 0 0.820247 0 -1.42983 0 1.61495 0 
 0.208 0  12 0 0.138349 0 2.14156 0 0.788972 0 
 0.208 0  12 0 -0.122827 0 -0.652966 0 1.75576 0 
 0.208 0  12 0 1.74662 0 -0.246441 0 1.6718 0 
 0.208 0  12 0 -1.24452 0 2.46093 0 0.702708 0 
 0.208 0  12 0 1.23788 0 1.19855 0 -0.618865 0 
 0.208 0  12 0 -0.258496 0 -2.15385 0 1.21896 0 
 0.208 0  12 0 -1.12464 0 1.55889 0 0.663691 0 
 0.208 0  12 0 -2.08273 0 0.59855 0 -1.33459 0 
 0.208 0  12 0 1.46466 0 -1.78857 0 0.158994 0 
 0.208 0  12 0 -2.17466 0 -0.909999 0 0.094299 0 
 0.208 0  12 0 1.0024 0 0.62151 0 1.00285 0 
 0.208 0  12 0 -1.12352 0 -1.36571 0 1.31762 0 
 0.208 0  12 0 2.09732 0 -0.737894 0 -0.746158 0 
 0.208 0  12 0 0.712285 0 -0.424467 0 -0.836389 0 
 0.208 0  12 0 2.55233 0 0.005659 0 -0.34694 0 
 0.208 0  12 0 -0.928252 0 -1.68472 0 0.69983 0 
 0.208 0  12 0 -1.32083 0 1.09086 0 -0.487439 0 
 0.208 0  12 0 1.99592 0 -0.683207 0 -0.800457 0 
 0.208 0  12 0 -2.54581 0 -1.02573 0 -0.421921 0 
 0.208 0  12 0 1.94082 0 1.23328 0 -0.314186 0 
 0.208 0  12 0 -1.23326 0 -0.246971 0 0.779953 0 
 0.208 0  12 0 0.409714 0 -1.59844 0 -1.63265 0 
 0.208 0  12 0 -0.965788 0 -1.70246 0 -0.13215 0 
 0.208 0  12 0 1.39254 0 -0.320534 0 -1.78009 0 
 0.208 0  12 0 -0.910982 0 -1.90722 0 0.496247 0 
 0.208 0  12 0 0.267777 0 -1.23171 0 -0.250683 0 
 0.208 0  12 0 2.31038 0 0.680038 0 -1.24175 0 
 0.208 0  12 0 -1.64126 0 -1.10857 0 -1.5756 0 
 0.208 0  12 0 2.34829 0 1.53485 0 -0.595342 0 
 0.208 0  12 0 -2.32381 0 0.102104 0 0.129259 0 
 0.208 0  12 0 0.779755 0 1.68374 0 -0.995653 0 
 0.208 0  12 0 -0.845226 0 -0.579129 0 1.31829 0 
 0.208 0  12 0 -1.15646 0 -1.31789 0 -1.67461 0 
 0.208 0  12 0 -1.49601 0 -0.235533 0 -1.89094 0 
 0.208 0  12 0 0.559117 0 -0.891254 0 1.73331 0 
 0.208 0  12 0 0.300542 0 -2.09 0 0.557393 0 
 0.208 0  12 0 -2.43175 0 -1.24298 0 -0.950932 0 
 0.208 0  12 0 -0.290572 0 -1.2111 0 1.19326 0 
 0.208 0  12 0 1.75615 0 -1.44512 0 -0.281104 0 
 0.208 0  12 0 0.395994 0 -2.07872 0 1.22628 0 
 0.208 0  12 0 -2.03182 0 -0.839978 0 -0.098325 0 
 0.208 0  12 0 -0.758977 0 0.867057 0 0.780806 0 
 0.406 0  0.01 0 -1.22243 0 0.184407 0 1.89037 0 
 0.406 0  0.01 0 0.56744 0 0.641801 0 1.56687 0 
 0.406 0  0.01 0 0.601876 0 1.4697 0 1.04454 0 
 0.406 0  0.01 0 -0.598348 0 -0.495294 0 1.94334 0 
 0.406 0  0.01 0 0.558646 0 0.743042 0 -1.25013 0 
 0.406 0  0.01 0 2.69096 0 0.970701 0 0.483095 0 
 0.406 0  0.01 0 1.18897 0 1.21882 0 1.79301 0 
 0.406 0  0.01 0 -0.998406 0 1.88232 0 1.53568 0 
 0.406 0  0.01 0 0.498216 0 -2.62008 0 -0.229196 0 
 0.406 0  0.01 0 -0.49331 0 0.987538 0 -1.93092 0 
 0.406 0  0.01 0 0.591702 0 -2.03492 0 1.43366 0 
 0.406 0  0.01 0 1.50306 0 0.516746 0 -0.731554 0 
 0.406 0  0.01 0 -0.289452 0 -1.58027 0 1.86733 0 
 0.406 0  0.01 0 1.6625 0 1.1302 0 -0.01653 0 
 0.406 0  0.01 0 -1.89988 0 0.584047 0 -0.47343 0 
 0.406 0  0.01 0 0.536593 0 1.76774 0 0.526631 0 
 0.406 0  0.01 0 -0.684784 0 0.57611 0 0.80233 0 
 0.406 0  0.01 0 0.016975 0 -2.67606 0 0.407498 0 
 0.406 0  0.01 0 0.820247 0 -1.42983 0 1.61495 0 
 0.406 0  0.01 0 0.138349 0 2.14156 0 0.788972 0 
 0.406 0  0.01 0 -0.122827 0 -0.652966 0 1.75576 0 
 0.406 0  0.01 0 1.74662 0 -0.246441 0 1.6718 0 
 0.406 0  0.01 0 -1.24452 0 2.46093 0 0.702708 0 
 0.406 0  0.01 0 1.23788 0 1.19855 0 -0.618865 0 
 0.406 0  0.01 0 -0.258496 0 -2.15385 0 1.21896 0 
 0.406 0  0.01 0 -1.12464 0 1.55889 0 0.663691 0 
 0.406 0  0.01 0 -2.08273 0 0.59855 0 -1.33459 0 
 0.406 0  0.01 0 1.46466 0 -1.78857 0 0.158994 0 
 0.406 0  0.01 0 -2.17466 0 -0.909999 0 0.094299 0 
 0.406 0  0.01 0 1.0024 0 0.62151 0 1.00285 0 
 0.406 0  0.01 0 -1.12352 0 -1.36571 0 1.31762 0 
 0.406 0  0.01 0 2.09732 0 -0.737894 0 -0.746158 0 
 0.406 0  0.01 0 0.712285 0 -0.424467 0 -0.836389 0 
 0.406 0  0.01 0 2.55233 0 0.005659 0 -0.34694 0 
 0.406 0  0.01 0 -0.928252 0 -1.68472 0 0.69983 0 
 0.406 0  0.01 0 -1.32083 0 1.09086 0 -0.487439 0 
 0.406 0  0.01 0 1.99592 0 -0.683207 0 -0.800457 0 
 0.406 0  0.01 0 -2.54581 0 -1.02573 0 -0.421921 0 
 0.406 0  0.01 0 1.94082 0 1.23328 0 -0.314186 0 
 0.406 0  0.01 0 -1.23326 0 -0.246971 0 0.779953 0 
 0.406 0  0.01 0 0.409714 0 -1.59844 0 -1.63265 0 
 0.406 0  0.01 0 -0.965788 0 -1.70246 0 -0.13215 0 
 0.406 0  0.01 0 1.39254 0 -0.320534 0 -1.78009 0 
 0.406 0  0.01 0 -0.910982 0 -1.90722 0 0.496247 0 
 0.406 0  0.01 0 0.267777 0 -1.23171 0 -0.250683 0 
 0.406 0  0.01 0 2.31038 0 0.680038 0 -1.24175 0 
 0.406 0  0.01 0 -1.64126 0 -1.10857 0 -1.5756 0 
 0.406 0  0.01 0 2.34829 0 1.53485 0 -0.595342 0 
 0.406 0  0.01 0 -2.32381 0 0.102104 0 0.129259 0 
 0.406 0  0.01 0 0.779755 0 1.68374 0 -0.995653 0 
 0.406 0  0.01 0 -0.845226 0 -0.579129 0 1.31829 0 
 0.406 0  0.01 0 -1.15646 0 -1.31789 0 -1.67461 0 
 0.406 0  0.01 0 -1.49601 0 -0.235533 0 -1.89094 0 
 0.406 0  0.01 0 0.559117 0 -0.891254 0 1.73331 0 
 0.406 0  0.01 0 0.300542 0 -2.09 0 0.557393 0 
 0.406 0  0.01 0 -2.43175 0 -1.24298 0 -0.950932 0 
 0.406 0  0.01 0 -0.290572 0 -1.2111 0 1.19326 0 
 0.406 0  0.01 0 1.75615 0 -1.44512 0 -0.281104 0 
 0.406 0  0.01 0 0.395994 0 -2.07872 0 1.22628 0 
 0.406 0  0.01 0 -2.03182 0 -0.839978 0 -0.098325 0 
 0.406 0  0.01 0 -0.758977 0 0.867057 0 0.780806 0 
 0.406 0  3.0075 0 -1.22243 0 0.184407 0 1.89037 0 
 0.406 0  3.0075 0 0.56744 0 0.641801 0 1.56687 0 
 0.406 0  3.0075 0 0.601876 0 1.4697 0 1.04454 0 
 0.406 0  3.0075 0 -0.598348 0 -0.495294 0 1.94334 0 
 0.406 0  3.0075 0 0.558646 0 0.743042 0 -1.25013 0 
 0.406 0  3.0075 0 2.69096 0 0.970701 0 0.483095 0 
 0.406 0  3.0075 0 1.18897 0 1.21882 0 1.79301 0 
 0.406 0  3.0075 0 -0.998406 0 1.88232 0 1.53568 0 
 0.406 0  3.0075 0 0.498216 0 -2.62008 0 -0.229196 0 
 0.406 0  3.0075 0 -0.49331 0 0.987538 0 -1.93092 0 
 0.406 0  3.0075 0 0.591702 0 -2.03492 0 1.43366 0 
 0.406 0  3.0075 0 1.50306 0 0.516746 0 -0.731554 0 
 0.406 0  3.0075 0 -0.289452 0 -1.58027 0 1.86733 0 
 0.406 0  3.0075 0 1.6625 0 1.1302 0 -0.01653 0 
 0.406 0  3.0075 0 -1.89988 0 0.584047 0 -0.47343 0 
 0.406 0  3.0075 0 0.536593 0 1.76774 0 0.526631 0 
 0.406 0  3.0075 0 -0.684784 0 0.57611 0 0.80233 0 
 0.406 0  3.0075 0 0.016975 0 -2.67606 0 0.407498 0 
 0.406 0  3.0075 0 0.820247 0 -1.42983 0 1.61495 0 
 0.406 0  3.0075 0 0.138349 0 2.14156 0 0.788972 0 
 0.406 0  3.0075 0 -0.122827 0 -0.652966 0 1.75576 0 
 0.406 0  3.0075 0 1.74662 0 -0.246441 0 1.6718 0 
 0.406 0  3.0075 0 -1.24452 0 2.46093 0 0.702708 0 
 0.406 0  3.0075 0 1.23788 0 1.19855 0 -0.618865 0 
 0.406 0  3.0075 0 -0.258496 0 -2.15385 0 1.21896 0 
 0.406 0  3.0075 0 -1.12464 0 1.55889 0 0.663691 0 
 0.406 0  3.0075 0 -2.08273 0 0.59855 0 -1.33459 0 
 0.406 0  3.0075 0 1.46466 0 -1.78857 0 0.158994 0 
 0.406 0  3.0075 0 -2.17466 0 -0.909999 0 0.094299 0 
 0.406 0  3.0075 0 1.0024 0 0.62151 0 1.00285 0 
 0.406 0  3.0075 0 -1.12352 0 -1.36571 0 1.31762 0 
 0.406 0  3.0075 0 2.09732 0 -0.737894 0 -0.746158 0 
 0.406 0  3.0075 0 0.712285 0 -0.424467 0 -0.836389 0 
 0.406 0  3.0075 0 2.55233 0 0.005659 0 -0.34694 0 
 0.406 0  3.0075 0 -0.928252 0 -1.68472 0 0.69983 0 
 0.406 0  3.0075 0 -1.32083 0 1.09086 0 -0.487439 0 
 0.406 0  3.0075 0 1.99592 0 -0.683207 0 -0.800457 0 
 0.406 0  3.0075 0 -2.54581 0 -1.02573 0 -0.421921 0 
 0.406 0  3.0075 0 1.94082 0 1.23328 0 -0.314186 0 
 0.406 0  3.0075 0 -1.23326 0 -0.246971 0 0.779953 0 
 0.406 0  3.0075 0 0.409714 0 -1.59844 0 -1.63265 0 
 0.406 0  3.0075 0 -0.965788 0 -1.70246 0 -0.13215 0 
 0.406 0  3.0075 0 1.39254 0 -0.320534 0 -1.78009 0 
 0.406 0  3.0075 0 -0.910982 0 -1.90722 0 0.496247 0 
 0.406 0  3.0075 0 0.267777 0 -1.23171 0 -0.250683 0 
 0.406 0  3.0075 0 2.31038 0 0.680038 0 -1.24175 0 
 0.406 0  3.0075 0 -1.64126 0 -1.10857 0 -1.5756 0 
 0.406 0  3.0075 0 2.34829 0 1.53485 0 -0.595342 0 
 0.406 0  3.0075 0 -2.32381 0 0.102104 0 0.129259 0 
 0.406 0  3.0075 0 0.779755 0 1.68374 0 -0.995653 0 
 0.406 0  3.0075 0 -0.845226 0 -0.579129 0 1.31829 0 
 0.406 0  3.0075 0 -1.15646 0 -1.31789 0 -1.67461 0 
 0.406 0  3.0075 0 -1.49601 0 -0.235533 0 -1.89094 0 
 0.406 0  3.0075 0 0.559117 0 -0.891254 0 1.73331 0 
 0.406 0  3.0075 0 0.300542 0 -2.09 0 0.557393 0 
 0.406 0  3.0075 0 -2.43175 0 -1.24298 0 -0.950932 0 
 0.406 0  3.0075 0 -0.290572 0 -1.2111 0 1.19326 0 
 0.406 0  3.0075 0 1.75615 0 -1.44512 0 -0.281104 0 
 0.406 0  3.0075 0 0.395994 0 -2.07872 0 1.22628 0 
 0.406 0  3.0075 0 -2.03182 0 -0.839978 0 -0.098325 0 
 0.406 0  3.0075 0 -0.758977 0 0.867057 0 0.780806 0 
 0.406 0  6.005 0 -1.22243 0 0.184407 0 1.89037 0 
 0.406 0  6.005 0 0.56744 0 0.641801 0 1.56687 0 
 0.406 0  6.005 0 0.601876 0 1.4697 0 1.04454 0 
 0.406 0  6.005 0 -0.598348 0 -0.495294 0 1.94334 0 
 0.406 0  6.005 0 0.558646 0 0.743042 0 -1.25013 0 
 0.406 0  6.005 0 2.69096 0 0.970701 0 0.483095 0 
 0.406 0  6.005 0 1.18897 0 1.21882 0 1.79301 0 
 0.406 0  6.005 0 -0.998406 0 1.88232 0 1.53568 0 
 0.406 0  6.005 0 0.498216 0 -2.62008 0 -0.229196 0 
 0.406 0  6.005 0 -0.49331 0 0.987538 0 -1.93092 0 
 0.406 0  6.005 0 0.591702 0 -2.03492 0 1.43366 0 
 0.406 0  6.005 0 1.50306 0 0.516746 0 -0.731554 0 
 0.406 0  6.005 0 -0.289452 0 -1.58027 0 1.86733 0 
 0.406 0  6.005 0 1.6625 0 1.1302 0 -0.01653 0 
 0.406 0  6.005 0 -1.89988 0 0.584047 0 -0.47343 0 
 0.406 0  6.005 0 0.536593 0 1.76774 0 0.526631 0 
 0.406 0  6.005 0 -0.684784 0 0.57611 0 0.80233 0 
 0.406 0  6.005 0 0.016975 0 -2.67606 0 0.407498 0 
 0.406 0  6.005 0 0.820247 0 -1.42983 0 1.61495 0 
 0.406 0  6.005 0 0.138349 0 2.14156 0 0.788972 0 
 0.406 0  6.005 0 -0.122827 0 -0.652966 0 1.75576 0 
 0.406 0  6.005 0 1.74662 0 -0.246441 0 1.6718 0 
 0.406 0  6.005 0 -1.24452 0 2.46093 0 0.702708 0 
 0.406 0  6.005 0 1.23788 0 1.19855 0 -0.618865 0 
 0.406 0  6.005 0 -0.258496 0 -2.15385 0 1.21896 0 
 0.406 0  6.005 0 -1.12464 0 1.55889 0 0.663691 0 
 0.406 0  6.005 0 -2.08273 0 0.59855 0 -1.33459 0 
 0.406 0  6.005 0 1.46466 0 -1.78857 0 0.158994 0 
 0.406 0  6.005 0 -2.17466 0 -0.909999 0 0.094299 0 
 0.406 0  6.005 0 1.0024 0 0.62151 0 1.00285 0 
 0.406 0  6.005 0 -1.12352 0 -1.36571 0 1.31762 0 
 0.406 0  6.005 0 2.09732 0 -0.737894 0 -0.746158 0 
 0.406 0  6.005 0 0.712285 0 -0.424467 0 -0.836389 0 
 0.406 0  6.005 0 2.55233 0 0.005659 0 -0.34694 0 
 0.406 0  6.005 0 -0.928252 0 -1.68472 0 0.69983 0 
 0.406 0  6.005 0 -1.32083 0 1.09086 0 -0.487439 0 
 0.406 0  6.005 0 1.99592 0 -0.683207 0 -0.800457 0 
 0.406 0  6.005 0 -2.54581 0 -1.02573 0 -0.421921 0 
 0.406 0  6.005 0 1.94082 0 1.23328 0 -0.314186 0 
 0.406 0  6.005 0 -1.23326 0 -0.246971 0 0.779953 0 
 0.406 0  6.005 0 0.409714 0 -1.59844 0 -1.63265 0 
 0.406 0  6.005 0 -0.965788 0 -1.70246 0 -0.13215 0 
 0.406 0  6.005 0 1.39254 0 -0.320534 0 -1.78009 0 
 0.406 0  6.005 0 -0.910982 0 -1.90722 0 0.496247 0 
 0.406 0  6.005 0 0.267777 0 -1.23171 0 -0.250683 0 
 0.406 0  6.005 0 2.31038 0 0.680038 0 -1.24175 0 
 0.406 0  6.005 0 -1.64126 0 -1.10857 0 -1.5756 0 
 0.406 0  6.005 0 2.34829 0 1.53485 0 -0.595342 0 
 0.406 0  6.005 0 -2.32381 0 0.102104 0 0.129259 0 
 0.406 0  6.005 0 0.779755 0 1.68374 0 -0.995653 0 
 0.406 0  6.005 0 -0.845226 0 -0.579129 0 1.31829 0 
 0.406 0  6.005 0 -1.15646 0 -1.31789 0 -1.67461 0 
 0.406 0  6.005 0 -1.49601 0 -0.235533 0 -1.89094 0 
 0.406 0  6.005 0 0.559117 0 -0.891254 0 1.73331 0 
 0.406 0  6.005 0 0.300542 0 -2.09 0 0.557393 0 
 0.406 0  6.005 0 -2.43175 0 -1.24298 0 -0.950932 0 
 0.406 0  6.005 0 -0.290572 0 -1.2111 0 1.19326 0 
 0.406 0  6.005 0 1.75615 0 -1.44512 0 -0.281104 0 
 0.406 0  6.005 0 0.395994 0 -2.07872 0 1.22628 0 
 0.406 0  6.005 0 -2.03182 0 -0.839978 0 -0.098325 0 
 0.406 0  6.005 0 -0.758977 0 0.867057 0 0.780806 0 
 0.406 0  9.0025 0 -1.22243 0 0.184407 0 1.89037 0 
 0.406 0  9.0025 0 0.56744 0 0.641801 0 1.56687 0 
 0.406 0  9.0025 0 0.601876 0 1.4697 0 1.04454 0 
 0.406 0  9.0025 0 -0.598348 0 -0.495294 0 1.94334 0 
 0.406 0  9.0025 0 0.558646 0 0.743042 0 -1.25013 0 
 0.406 0  9.0025 0 2.69096 0 0.970701 0 0.483095 0 
 0.406 0  9.0025 0 1.18897 0 1.21882 0 1.79301 0 
 0.406 0  9.0025 0 -0.998406 0 1.88232 0 1.53568 0 
 0.406 0  9.0025 0 0.498216 0 -2.62008 0 -0.229196 0 
 0.406 0  9.0025 0 -0.49331 0 0.987538 0 -1.93092 0 
 0.406 0  9.0025 0 0.591702 0 -2.03492 0 1.43366 0 
 0.406 0  9.0025 0 1.50306 0 0.516746 0 -0.731554 0 
 0.406 0  9.0025 0 -0.289452 0 -1.58027 0 1.86733 0 
 0.406 0  9.0025 0 1.6625 0 1.1302 0 -0.01653 0 
 0.406 0  9.0025 0 -1.89988 0 0.584047 0 -0.47343 0 
 0.406 0  9.0025 0 0.536593 0 1.76774 0 0.526631 0 
 0.406 0  9.0025 0 -0.684784 0 0.57611 0 0.80233 0 
 0.406 0  9.0025 0 0.016975 0 -2.67606 0 0.407498 0 
 0.406 0  9.0025 0 0.820247 0 -1.42983 0 1.61495 0 
 0.406 0  9.0025 0 0.138349 0 2.14156 0 0.788972 0 
 0.406 0  9.0025 0 -0.122827 0 -0.652966 0 1.75576 0 
 0.406 0  9.0025 0 1.74662 0 -0.246441 0 1.6718 0 
 0.406 0  9.0025 0 -1.24452 0 2.46093 0 0.702708 0 
 0.406 0  9.0025 0 1.23788 0 1.19855 0 -0.618865 0 
 0.406 0  9.0025 0 -0.258496 0 -2.15385 0 1.21896 0 
 0.406 0  9.0025 0 -1.12464 0 1.55889 0 0.663691 0 
 0.406 0  9.0025 0 -2.08273 0 0.59855 0 -1.33459 0 
 0.406 0  9.0025 0 1.46466 0 -1.78857 0 0.158994 0 
 0.406 0  9.0025 0 -2.17466 0 -0.909999 0 0.094299 0 
 0.406 0  9.0025 0 1.0024 0 0.62151 0 1.00285 0 
 0.406 0  9.0025 0 -1.12352 0 -1.36571 0 1.31762 0 
 0.406 0  9.0025 0 2.09732 0 -0.737894 0 -0.746158 0 
 0.406 0  9.0025 0 0.712285 0 -0.424467 0 -0.836389 0 
 0.406 0  9.0025 0 2.55233 0 0.005659 0 -0.34694 0 
 0.406 0  9.0025 0 -0.928252 0 -1.68472 0 0.69983 0 
 0.406 0  9.0025 0 -1.32083 0 1.09086 0 -0.487439 0 
 0.406 0  9.0025 0 1.99592 0 -0.683207 0 -0.800457 0 
 0.406 0  9.0025 0 -2.54581 0 -1.02573 0 -0.421921 0 
 0.406 0  9.0025 0 1.94082 0 1.23328 0 -0.314186 0 
 0.406 0  9.0025 0 -1.23326 0 -0.246971 0 0.779953 0 
 0.406 0  9.0025 0 0.409714 0 -1.59844 0 -1.63265 0 
 0.406 0  9.0025 0 -0.965788 0 -1.70246 0 -0.13215 0 
 0.406 0  9.0025 0 1.39254 0 -0.320534 0 -1.78009 0 
 0.406 0  9.0025 0 -0.910982 0 -1.90722 0 0.496247 0 
 0.406 0  9.0025 0 0.267777 0 -1.23171 0 -0.250683 0 
 0.406 0  9.0025 0 2.31038 0 0.680038 0 -1.24175 0 
 0.406 0  9.0025 0 -1.64126 0 -1.10857 0 -1.5756 0 
 0.406 0  9.0025 0 2.34829 0 1.53485 0 -0.595342 0 
 0.406 0  9.0025 0 -2.32381 0 0.102104 0 0.129259 0 
 0.406 0  9.0025 0 0.779755 0 1.68374 0 -0.995653 0 
 0.406 0  9.0025 0 -0.845226 0 -0.579129 0 1.31829 0 
 0.406 0  9.0025 0 -1.15646 0 -1.31789 0 -1.67461 0 
 0.406 0  9.0025 0 -1.49601 0 -0.235533 0 -1.89094 0 
 0.406 0  9.0025 0 0.559117 0 -0.891254 0 1.73331 0 
 0.406 0  9.0025 0 0.300542 0 -2.09 0 0.557393 0 
 0.406 0  9.0025 0 -2.43175 0 -1.24298 0 -0.950932 0 
 0.406 0  9.0025 0 -0.290572 0 -1.2111 0 1.19326 0 
 0.406 0  9.0025 0 1.75615 0 -1.44512 0 -0.281104 0 
 0.406 0  9.0025 0 0.395994 0 -2.07872 0 1.22628 0 
 0.406 0  9.0025 0 -2.03182 0 -0.839978 0 -0.098325 0 
 0.406 0  9.0025 0 -0.758977 0 0.867057 0 0.780806 0 
 0.406 0  12 0 -1.22243 0 0.184407 0 1.89037 0 
 0.406 0  12 0 0.56744 0 0.641801 0 1.56687 0 
 0.406 0  12 0 0.601876 0 1.4697 0 1.04454 0 
 0.406 0  12 0 -0.598348 0 -0.495294 0 1.94334 0 
 0.406 0  12 0 0.558646 0 0.743042 0 -1.25013 0 
 0.406 0  12 0 2.69096 0 0.970701 0 0.483095 0 
 0.406 0  12 0 1.18897 0 1.21882 0 1.79301 0 
 0.406 0  12 0 -0.998406 0 1.88232 0 1.53568 0 
 0.406 0  12 0 0.498216 0 -2.62008 0 -0.229196 0 
 0.406 0  12 0 -0.49331 0 0.987538 0 -1.93092 0 
 0.406 0  12 0 0.591702 0 -2.03492 0 1.43366 0 
 0.406 0  12 0 1.50306 0 0.516746 0 -0.731554 0 
 0.406 0  12 0 -0.289452 0 -1.58027 0 1.86733 0 
 0.406 0  12 0 1.6625 0 1.1302 0 -0.01653 0 
 0.406 0  12 0 -1.89988 0 0.584047 0 -0.47343 0 
 0.406 0  12 0 0.536593 0 1.76774 0 0.526631 0 
 0.406 0  12 0 -0.684784 0 0.57611 0 0.80233 0 
 0.406 0  12 0 0.016975 0 -2.67606 0 0.407498 0 
 0.406 0  12 0 0.820247 0 -1.42983 0 1.61495 0 
 0.406 0  12 0 0.138349 0 2.14156 0 0.788972 0 
 0.406 0  12 0 -0.122827 0 -0.652966 0 1.75576 0 
 0.406 0  12 0 1.74662 0 -0.246441 0 1.6718 0 
 0.406 0  12 0 -1.24452 0 2.46093 0 0.702708 0 
 0.406 0  12 0 1.23788 0 1.19855 0 -0.618865 0 
 0.406 0  12 0 -0.258496 0 -2.15385 0 1.21896 0 
 0.406 0  12 0 -1.12464 0 1.55889 0 0.663691 0 
 0.406 0  12 0 -2.08273 0 0.59855 0 -1.33459 0 
 0.406 0  12 0 1.46466 0 -1.78857 0 0.158994 0 
 0.406 0  12 0 -2.17466 0 -0.909999 0 0.094299 0 
 0.406 0  12 0 1.0024 0 0.62151 0 1.00285 0 
 0.406 0  12 0 -1.12352 0 -1.36571 0 1.31762 0 
 0.406 0  12 0 2.09732 0 -0.737894 0 -0.746158 0 
 0.406 0  12 0 0.712285 0 -0.424467 0 -0.836389 0 
 0.406 0  12 0 2.55233 0 0.005659 0 -0.34694 0 
 0.406 0  12 0 -0.928252 0 -1.68472 0 0.69983 0 
 0.406 0  12 0 -1.32083 0 1.09086 0 -0.487439 0 
 0.406 0  12 0 1.99592 0 -0.683207 0 -0.800457 0 
 0.406 0  12 0 -2.54581 0 -1.02573 0 -0.421921 0 
 0.406 0  12 0 1.94082 0 1.23328 0 -0.314186 0 
 0.406 0  12 0 -1.23326 0 -0.246971 0 0.779953 0 
 0.406 0  12 0 0.409714 0 -1.59844 0 -1.63265 0 
 0.406 0  12 0 -0.965788 0 -1.70246 0 -0.13215 0 
 0.406 0  12 0 1.39254 0 -0.320534 0 -1.78009 0 
 0.406 0  12 0 -0.910982 0 -1.90722 0 0.496247 0 
 0.406 0  12 0 0.267777 0 -1.23171 0 -0.250683 0 
 0.406 0  12 0 2.31038 0 0.680038 0 -1.24175 0 
 0.406 0  12 0 -1.64126 0 -1.10857 0 -1.5756 0 
 0.406 0  12 0 2.34829 0 1.53485 0 -0.595342 0 
 0.406 0  12 0 -2.32381 0 0.102104 0 0.129259 0 
 0.406 0  12 0 0.779755 0 1.68374 0 -0.995653 0 
 0.406 0  12 0 -0.845226 0 -0.579129 0 1.31829 0 
 0.406 0  12 0 -1.15646 0 -1.31789 0 -1.67461 0 
 0.406 0  12 0 -1.49601 0 -0.235533 0 -1.89094 0 
 0.406 0  12 0 0.559117 0 -0.891254 0 1.73331 0 
 0.406 0  12 0 0.300542 0 -2.09 0 0.557393 0 
 0.406 0  12 0 -2.43175 0 -1.24298 0 -0.950932 0 
 0.406 0  12 0 -0.290572 0 -1.2111 0 1.19326 0 
 0.406 0  12 0 1.75615 0 -1.44512 0 -0.281104 0 
 0.406 0  12 0 0.395994 0 -2.07872 0 1.22628 0 
 0.406 0  12 0 -2.03182 0 -0.839978 0 -0.098325 0 
 0.406 0  12 0 -0.758977 0 0.867057 0 0.780806 0 
 0.604 0  0.01 0 -1.22243 0 0.184407 0 1.89037 0 
 0.604 0  0.01 0 0.56744 0 0.641801 0 1.56687 0 
 0.604 0  0.01 0 0.601876 0 1.4697 0 1.04454 0 
 0.604 0  0.01 0 -0.598348 0 -0.495294 0 1.94334 0 
 0.604 0  0.01 0 0.558646 0 0.743042 0 -1.25013 0 
 0.604 0  0.01 0 2.69096 0 0.970701 0 0.483095 0 
 0.604 0  0.01 0 1.18897 0 1.21882 0 1.79301 0 
 0.604 0  0.01 0 -0.998406 0 1.88232 0 1.53568 0 
 0.604 0  0.01 0 0.498216 0 -2.62008 0 -0.229196 0 
 0.604 0  0.01 0 -0.49331 0 0.987538 0 -1.93092 0 
 0.604 0  0.01 0 0.591702 0 -2.03492 0 1.43366 0 
 0.604 0  0.01 0 1.50306 0 0.516746 0 -0.731554 0 
 0.604 0  0.01 0 -0.289452 0 -1.58027 0 1.86733 0 
 0.604 0  0.01 0 1.6625 0 1.1302 0 -0.01653 0 
 0.604 0  0.01 0 -1.89988 0 0.584047 0 -0.47343 0 
 0.604 0  0.01 0 0.536593 0 1.76774 0 0.526631 0 
 0.604 0  0.01 0 -0.684784 0 0.57611 0 0.80233 0 
 0.604 0  0.01 0 0.016975 0 -2.67606 0 0.407498 0 
 0.604 0  0.01 0 0.820247 0 -1.42983 0 1.61495 0 
 0.604 0  0.01 0 0.138349 0 2.14156 0 0.788972 0 
 0.604 0  0.01 0 -0.122827 0 -0.652966 0 1.75576 0 
 0.604 0  0.01 0 1.74662 0 -0.246441 0 1.6718 0 
 0.604 0  0.01 0 -1.24452 0 2.46093 0 0.702708 0 
 0.604 0  0.01 0 1.23788 0 1.19855 0 -0.618865 0 
 0.604 0  0.01 0 -0.258496 0 -2.15385 0 1.21896 0 
 0.604 0  0.01 0 -1.12464 0 1.55889 0 0.663691 0 
 0.604 0  0.01 0 -2.08273 0 0.59855 0 -1.33459 0 
 0.604 0  0.01 0 1.46466 0 -1.78857 0 0.158994 0 
 0.604 0  0.01 0 -2.17466 0 -0.909999 0 0.094299 0 
 0.604 0  0.01 0 1.0024 0 0.62151 0 1.00285 0 
 0.604 0  0.01 0 -1.12352 0 -1.36571 0 1.31762 0 
 0.604 0  0.01 0 2.09732 0 -0.737894 0 -0.746158 0 
 0.604 0  0.01 0 0.712285 0 -0.424467 0 -0.836389 0 
 0.604 0  0.01 0 2.55233 0 0.005659 0 -0.34694 0 
 0.604 0  0.01 0 -0.928252 0 -1.68472 0 0.69983 0 
 0.604 0  0.01 0 -1.32083 0 1.09086 0 -0.487439 0 
 0.604 0  0.01 0 1.99592 0 -0.683207 0 -0.800457 0 
 0.604 0  0.01 0 -2.54581 0 -1.02573 0 -0.421921 0 
 0.604 0  0.01 0 1.94082 0 1.23328 0 -0.314186 0 
 0.604 0  0.01 0 -1.23326 0 -0.246971 0 0.779953 0 
 0.604 0  0.01 0 0.409714 0 -1.59844 0 -1.63265 0 
 0.604 0  0.01 0 -0.965788 0 -1.70246 0 -0.13215 0 
 0.604 0  0.01 0 1.39254 0 -0.320534 0 -1.78009 0 
 0.604 0  0.01 0 -0.910982 0 -1.90722 0 0.496247 0 
 0.604 0  0.01 0 0.267777 0 -1.23171 0 -0.250683 0 
 0.604 0  0.01 0 2.31038 0 0.680038 0 -1.24175 0 
 0.604 0  0.01 0 -1.64126 0 -1.10857 0 -1.5756 0 
 0.604 0  0.01 0 2.34829 0 1.53485 0 -0.595342 0 
 0.604 0  0.01 0 -2.32381 0 0.102104 0 0.129259 0 
 0.604 0  0.01 0 0.779755 0 1.68374 0 -0.995653 0 
 0.604 0  0.01 0 -0.845226 0 -0.579129 0 1.31829 0 
 0.604 0  0.01 0 -1.15646 0 -1.31789 0 -1.67461 0 
 0.604 0  0.01 0 -1.49601 0 -0.235533 0 -1.89094 0 
 0.604 0  0.01 0 0.559117 0 -0.891254 0 1.73331 0 
 0.604 0  0.01 0 0.300542 0 -2.09 0 0.557393 0 
 0.604 0  0.01 0 -2.43175 0 -1.24298 0 -0.950932 0 
 0.604 0  0.01 0 -0.290572 0 -1.2111 0 1.19326 0 
 0.604 0  0.01 0 1.75615 0 -1.44512 0 -0.281104 0 
 0.604 0  0.01 0 0.395994 0 -2.07872 0 1.22628 0 
 0.604 0  0.01 0 -2.03182 0 -0.839978 0 -0.098325 0 
 0.604 0  0.01 0 -0.758977 0 0.867057 0 0.780806 0 
 0.604 0  3.0075 0 -1.22243 0 0.184407 0 1.89037 0 
 0.604 0  3.0075 0 0.56744 0 0.641801 0 1.56687 0 
 0.604 0  3.0075 0 0.601876 0 1.4697 0 1.04454 0 
 0.604 0  3.0075 0 -0.598348 0 -0.495294 0 1.94334 0 
 0.604 0  3.0075 0 0.558646 0 0.743042 0 -1.25013 0 
 0.604 0  3.0075 0 2.69096 0 0.970701 0 0.483095 0 
 0.604 0  3.0075 0 1.18897 0 1.21882 0 1.79301 0 
 0.604 0  3.0075 0 -0.998406 0 1.88232 0 1.53568 0 
 0.604 0  3.0075 0 0.498216 0 -2.62008 0 -0.229196 0 
 0.604 0  3.0075 0 -0.49331 0 0.987538 0 -1.93092 0 
 0.604 0  3.0075 0 0.591702 0 -2.03492 0 1.43366 0 
 0.604 0  3.0075 0 1.50306 0 0.516746 0 -0.731554 0 
 0.604 0  3.0075 0 -0.289452 0 -1.58027 0 1.86733 0 
 0.604 0  3.0075 0 1.6625 0 1.1302 0 -0.01653 0 
 0.604 0  3.0075 0 -1.89988 0 0.584047 0 -0.47343 0 
 0.604 0  3.0075 0 0.536593 0 1.76774 0 0.526631 0 
 0.604 0  3.0075 0 -0.684784 0 0.57611 0 0.80233 0 
 0.604 0  3.0075 0 0.016975 0 -2.67606 0 0.407498 0 
 0.604 0  3.0075 0 0.820247 0 -1.42983 0 1.61495 0 
 0.604 0  3.0075 0 0.138349 0 2.14156 0 0.788972 0 
 0.604 0  3.0075 0 -0.122827 0 -0.652966 0 1.75576 0 
 0.604 0  3.0075 0 1.74662 0 -0.246441 0 1.6718 0 
 0.604 0  3.0075 0 -1.24452 0 2.46093 0 0.702708 0 
 0.604 0  3.0075 0 1.23788 0 1.19855 0 -0.618865 0 
 0.604 0  3.0075 0 -0.258496 0 -2.15385 0 1.21896 0 
 0.604 0  3.0075 0 -1.12464 0 1.55889 0 0.663691 0 
 0.604 0  3.0075 0 -2.08273 0 0.59855 0 -1.33459 0 
 0.604 0  3.0075 0 1.46466 0 -1.78857 0 0.158994 0 
 0.604 0  3.0075 0 -2.17466 0 -0.909999 0 0.094299 0 
 0.604 0  3.0075 0 1.0024 0 0.62151 0 1.00285 0 
 0.604 0  3.0075 0 -1.12352 0 -1.36571 0 1.31762 0 
 0.604 0  3.0075 0 2.09732 0 -0.737894 0 -0.746158 0 
 0.604 0  3.0075 0 0.712285 0 -0.424467 0 -0.836389 0 
 0.604 0  3.0075 0 2.55233 0 0.005659 0 -0.34694 0 
 0.604 0  3.0075 0 -0.928252 0 -1.68472 0 0.69983 0 
 0.604 0  3.0075 0 -1.32083 0 1.09086 0 -0.487439 0 
 0.604 0  3.0075 0 1.99592 0 -0.683207 0 -0.800457 0 
 0.604 0  3.0075 0 -2.54581 0 -1.02573 0 -0.421921 0 
 0.604 0  3.0075 0 1.94082 0 1.23328 0 -0.314186 0 
 0.604 0  3.0075 0 -1.23326 0 -0.246971 0 0.779953 0 
 0.604 0  3.0075 0 0.409714 0 -1.59844 0 -1.63265 0 
 0.604 0  3.0075 0 -0.965788 0 -1.70246 0 -0.13215 0 
 0.604 0  3.0075 0 1.39254 0 -0.320534 0 -1.78009 0 
 0.604 0  3.0075 0 -0.910982 0 -1.90722 0 0.496247 0 
 0.604 0  3.0075 0 0.267777 0 -1.23171 0 -0.250683 0 
 0.604 0  3.0075 0 2.31038 0 0.680038 0 -1.24175 0 
 0.604 0  3.0075 0 -1.64126 0 -1.10857 0 -1.5756 0 
 0.604 0  3.0075 0 2.34829 0 1.53485 0 -0.595342 0 
 0.604 0  3.0075 0 -2.32381 0 0.102104 0 0.129259 0 
 0.604 0  3.0075 0 0.779755 0 1.68374 0 -0.995653 0 
 0.604 0  3.0075 0 -0.845226 0 -0.579129 0 1.31829 0 
 0.604 0  3.0075 0 -1.15646 0 -1.31789 0 -1.67461 0 
 0.604 0  3.0075 0 -1.49601 0 -0.235533 0 -1.89094 0 
 0.604 0  3.0075 0 0.559117 0 -0.891254 0 1.73331 0 
 0.604 0  3.0075 0 0.300542 0 -2.09 0 0.557393 0 
 0.604 0  3.0075 0 -2.43175 0 -1.24298 0 -0.950932 0 
 0.604 0  3.0075 0 -0.290572 0 -1.2111 0 1.19326 0 
 0.604 0  3.0075 0 1.75615 0 -1.44512 0 -0.281104 0 
 0.604 0  3.0075 0 0.395994 0 -2.07872 0 1.22628 0 
 0.604 0  3.0075 0 -2.03182 0 -0.839978 0 -0.098325 0 
 0.604 0  3.0075 0 -0.758977 0 0.867057 0 0.780806 0 
 0.604 0  6.005 0 -1.22243 0 0.184407 0 1.89037 0 
 0.604 0  6.005 0 0.56744 0 0.641801 0 1.56687 0 
 0.604 0  6.005 0 0.601876 0 1.4697 0 1.04454 0 
 0.604 0  6.005 0 -0.598348 0 -0.495294 0 1.94334 0 
 0.604 0  6.005 0 0.558646 0 0.743042 0 -1.25013 0 
 0.604 0  6.005 0 2.69096 0 0.970701 0 0.483095 0 
 0.604 0  6.005 0 1.18897 0 1.21882 0 1.79301 0 
 0.604 0  6.005 0 -0.998406 0 1.88232 0 1.53568 0 
 0.604 0  6.005 0 0.498216 0 -2.62008 0 -0.229196 0 
 0.604 0  6.005 0 -0.49331 0 0.987538 0 -1.93092 0 
 0.604 0  6.005 0 0.591702 0 -2.03492 0 1.43366 0 
 0.604 0  6.005 0 1.50306 0 0.516746 0 -0.731554 0 
 0.604 0  6.005 0 -0.289452 0 -1.58027 0 1.86733 0 
 0.604 0  6.005 0 1.6625 0 1.1302 0 -0.01653 0 
 0.604 0  6.005 0 -1.89988 0 0.584047 0 -0.47343 0 
 0.604 0  6.005 0 0.536593 0 1.76774 0 0.526631 0 
 0.604 0  6.005 0 -0.684784 0 0.57611 0 0.80233 0 
 0.604 0  6.005 0 0.016975 0 -2.67606 0 0.407498 0 
 0.604 0  6.005 0 0.820247 0 -1.42983 0 1.61495 0 
 0.604 0  6.005 0 0.138349 0 2.14156 0 0.788972 0 
 0.604 0  6.005 0 -0.122827 0 -0.652966 0 1.75576 0 
 0.604 0  6.005 0 1.74662 0 -0.246441 0 1.6718 0 
 0.604 0  6.005 0 -1.24452 0 2.46093 0 0.702708 0 
 0.604 0  6.005 0 1.23788 0 1.19855 0 -0.618865 0 
 0.604 0  6.005 0 -0.258496 0 -2.15385 0 1.21896 0 
 0.604 0  6.005 0 -1.12464 0 1.55889 0 0.663691 0 
 0.604 0  6.005 0 -2.08273 0 0.59855 0 -1.33459 0 
 0.604 0  6.005 0 1.46466 0 -1.78857 0 0.158994 0 
 0.604 0  6.005 0 -2.17466 0 -0.909999 0 0.094299 0 
 0.604 0  6.005 0 1.0024 0 0.62151 0 1.00285 0 
 0.604 0  6.005 0 -1.12352 0 -1.36571 0 1.31762 0 
 0.604 0  6.005 0 2.09732 0 -0.737894 0 -0.746158 0 
 0.604 0  6.005 0 0.712285 0 -0.424467 0 -0.836389 0 
 0.604 0  6.005 0 2.55233 0 0.005659 0 -0.34694 0 
 0.604 0  6.005 0 -0.928252 0 -1.68472 0 0.69983 0 
 0.604 0  6.005 0 -1.32083 0 1.09086 0 -0.487439 0 
 0.604 0  6.005 0 1.99592 0 -0.683207 0 -0.800457 0 
 0.604 0  6.005 0 -2.54581 0 -1.02573 0 -0.421921 0 
 0.604 0  6.005 0 1.94082 0 1.23328 0 -0.314186 0 
 0.604 0  6.005 0 -1.23326 0 -0.246971 0 0.779953 0 
 0.604 0  6.005 0 0.409714 0 -1.59844 0 -1.63265 0 
 0.604 0  6.005 0 -0.965788 0 -1.70246 0 -0.13215 0 
 0.604 0  6.005 0 1.39254 0 -0.320534 0 -1.78009 0 
 0.604 0  6.005 0 -0.910982 0 -1.90722 0 0.496247 0 
 0.604 0  6.005 0 0.267777 0 -1.23171 0 -0.250683 0 
 0.604 0  6.005 0 2.31038 0 0.680038 0 -1.24175 0 
 0.604 0  6.005 0 -1.64126 0 -1.10857 0 -1.5756 0 
 0.604 0  6.005 0 2.34829 0 1.53485 0 -0.595342 0 
 0.604 0  6.005 0 -2.32381 0 0.102104 0 0.129259 0 
 0.604 0  6.005 0 0.779755 0 1.68374 0 -0.995653 0 
 0.604 0  6.005 0 -0.845226 0 -0.579129 0 1.31829 0 
 0.604 0  6.005 0 -1.15646 0 -1.31789 0 -1.67461 0 
 0.604 0  6.005 0 -1.49601 0 -0.235533 0 -1.89094 0 
 0.604 0  6.005 0 0.559117 0 -0.891254 0 1.73331 0 
 0.604 0  6.005 0 0.300542 0 -2.09 0 0.557393 0 
 0.604 0  6.005 0 -2.43175 0 -1.24298 0 -0.950932 0 
 0.604 0  6.005 0 -0.290572 0 -1.2111 0 1.19326 0 
 0.604 0  6.005 0 1.75615 0 -1.44512 0 -0.281104 0 
 0.604 0  6.005 0 0.395994 0 -2.07872 0 1.22628 0 
 0.604 0  6.005 0 -2.03182 0 -0.839978 0 -0.098325 0 
 0.604 0  6.005 0 -0.758977 0 0.867057 0 0.780806 0 
 0.604 0  9.0025 0 -1.22243 0 0.184407 0 1.89037 0 
 0.604 0  9.0025 0 0.56744 0 0.641801 0 1.56687 0 
 0.604 0  9.0025 0 0.601876 0 1.4697 0 1.04454 0 
 0.604 0  9.0025 0 -0.598348 0 -0.495294 0 1.94334 0 
 0.604 0  9.0025 0 0.558646 0 0.743042 0 -1.25013 0 
 0.604 0  9.0025 0 2.69096 0 0.970701 0 0.483095 0 
 0.604 0  9.0025 0 1.18897 0 1.21882 0 1.79301 0 
 0.604 0  9.0025 0 -0.998406 0 1.88232 0 1.53568 0 
 0.604 0  9.0025 0 0.498216 0 -2.62008 0 -0.229196 0 
 0.604 0  9.0025 0 -0.49331 0 0.987538 0 -1.93092 0 
 0.604 0  9.0025 0 0.591702 0 -2.03492 0 1.43366 0 
 0.604 0  9.0025 0 1.50306 0 0.516746 0 -0.731554 0 
 0.604 0  9.0025 0 -0.289452 0 -1.58027 0 1.86733 0 
 0.604 0  9.0025 0 1.6625 0 1.1302 0 -0.01653 0 
 0.604 0  9.0025 0 -1.89988 0 0.584047 0 -0.47343 0 
 0.604 0  9.0025 0 0.536593 0 1.76774 0 0.526631 0 
 0.604 0  9.0025 0 -0.684784 0 0.57611 0 0.80233 0 
 0.604 0  9.0025 0 0.016975 0 -2.67606 0 0.407498 0 
 0.604 0  9.0025 0 0.820247 0 -1.42983 0 1.61495 0 
 0.604 0  9.0025 0 0.138349 0 2.14156 0 0.788972 0 
 0.604 0  9.0025 0 -0.122827 0 -0.652966 0 1.75576 0 
 0.604 0  9.0025 0 1.74662 0 -0.246441 0 1.6718 0 
 0.604 0  9.0025 0 -1.24452 0 2.46093 0 0.702708 0 
 0.604 0  9.0025 0 1.23788 0 1.19855 0 -0.618865 0 
 0.604 0  9.0025 0 -0.258496 0 -2.15385 0 1.21896 0 
 0.604 0  9.0025 0 -1.12464 0 1.55889 0 0.663691 0 
 0.604 0  9.0025 0 -2.08273 0 0.59855 0 -1.33459 0 
 0.604 0  9.0025 0 1.46466 0 -1.78857 0 0.158994 0 
 0.604 0  9.0025 0 -2.17466 0 -0.909999 0 0.094299 0 
 0.604 0  9.0025 0 1.0024 0 0.62151 0 1.00285 0 
 0.604 0  9.0025 0 -1.12352 0 -1.36571 0 1.31762 0 
 0.604 0  9.0025 0 2.09732 0 -0.737894 0 -0.746158 0 
 0.604 0  9.0025 0 0.712285 0 -0.424467 0 -0.836389 0 
 0.604 0  9.0025 0 2.55233 0 0.005659 0 -0.34694 0 
 0.604 0  9.0025 0 -0.928252 0 -1.68472 0 0.69983 0 
 0.604 0  9.0025 0 -1.32083 0 1.09086 0 -0.487439 0 
 0.604 0  9.0025 0 1.99592 0 -0.683207 0 -0.800457 0 
 0.604 0  9.0025 0 -2.54581 0 -1.02573 0 -0.421921 0 
 0.604 0  9.0025 0 1.94082 0 1.23328 0 -0.314186 0 
 0.604 0  9.0025 0 -1.23326 0 -0.246971 0 0.779953 0 
 0.604 0  9.0025 0 0.409714 0 -1.59844 0 -1.63265 0 
 0.604 0  9.0025 0 -0.965788 0 -1.70246 0 -0.13215 0 
 0.604 0  9.0025 0 1.39254 0 -0.320534 0 -1.78009 0 
 0.604 0  9.0025 0 -0.910982 0 -1.90722 0 0.496247 0 
 0.604 0  9.0025 0 0.267777 0 -1.23171 0 -0.250683 0 
 0.604 0  9.0025 0 2.31038 0 0.680038 0 -1.24175 0 
 0.604 0  9.0025 0 -1.64126 0 -1.10857 0 -1.5756 0 
 0.604 0  9.0025 0 2.34829 0 1.53485 0 -0.595342 0 
 0.604 0  9.0025 0 -2.32381 0 0.102104 0 0.129259 0 
 0.604 0  9.0025 0 0.779755 0 1.68374 0 -0.995653 0 
 0.604 0  9.0025 0 -0.845226 0 -0.579129 0 1.31829 0 
 0.604 0  9.0025 0 -1.15646 0 -1.31789 0 -1.67461 0 
 0.604 0  9.0025 0 -1.49601 0 -0.235533 0 -1.89094 0 
 0.604 0  9.0025 0 0.559117 0 -0.891254 0 1.73331 0 
 0.604 0  9.0025 0 0.300542 0 -2.09 0 0.557393 0 
 0.604 0  9.0025 0 -2.43175 0 -1.24298 0 -0.950932 0 
 0.604 0  9.0025 0 -0.290572 0 -1.2111 0 1.19326 0 
 0.604 0  9.0025 0 1.75615 0 -1.44512 0 -0.281104 0 
 0.604 0  9.0025 0 0.395994 0 -2.07872 0 1.22628 0 
 0.604 0  9.0025 0 -2.03182 0 -0.839978 0 -0.098325 0 
 0.604 0  9.0025 0 -0.758977 0 0.867057 0 0.780806 0 
 0.604 0  12 0 -1.22243 0 0.184407 0 1.89037 0 
 0.604 0  12 0 0.56744 0 0.641801 0 1.56687 0 
 0.604 0  12 0 0.601876 0 1.4697 0 1.04454 0 
 0.604 0  12 0 -0.598348 0 -0.495294 0 1.94334 0 
 0.604 0  12 0 0.558646 0 0.743042 0 -1.25013 0 
 0.604 0  12 0 2.69096 0 0.970701 0 0.483095 0 
 0.604 0  12 0 1.18897 0 1.21882 0 1.79301 0 
 0.604 0  12 0 -0.998406 0 1.88232 0 1.53568 0 
 0.604 0  12 0 0.498216 0 -2.62008 0 -0.229196 0 
 0.604 0  12 0 -0.49331 0 0.987538 0 -1.93092 0 
 0.604 0  12 0 0.591702 0 -2.03492 0 1.43366 0 
 0.604 0  12 0 1.50306 0 0.516746 0 -0.731554 0 
 0.604 0  12 0 -0.289452 0 -1.58027 0 1.86733 0 
 0.604 0  12 0 1.6625 0 1.1302 0 -0.01653 0 
 0.604 0  12 0 -1.89988 0 0.584047 0 -0.47343 0 
 0.604 0  12 0 0.536593 0 1.76774 0 0.526631 0 
 0.604 0  12 0 -0.684784 0 0.57611 0 0.80233 0 
 0.604 0  12 0 0.016975 0 -2.67606 0 0.407498 0 
 0.604 0  12 0 0.820247 0 -1.42983 0 1.61495 0 
 0.604 0  12 0 0.138349 0 2.14156 0 0.788972 0 
 0.604 0  12 0 -0.122827 0 -0.652966 0 1.75576 0 
 0.604 0  12 0 1.74662 0 -0.246441 0 1.6718 0 
 0.604 0  12 0 -1.24452 0 2.46093 0 0.702708 0 
 0.604 0  12 0 1.23788 0 1.19855 0 -0.618865 0 
 0.604 0  12 0 -0.258496 0 -2.15385 0 1.21896 0 
 0.604 0  12 0 -1.12464 0 1.55889 0 0.663691 0 
 0.604 0  12 0 -2.08273 0 0.59855 0 -1.33459 0 
 0.604 0  12 0 1.46466 0 -1.78857 0 0.158994 0 
 0.604 0  12 0 -2.17466 0 -0.909999 0 0.094299 0 
 0.604 0  12 0 1.0024 0 0.62151 0 1.00285 0 
 0.604 0  12 0 -1.12352 0 -1.36571 0 1.31762 0 
 0.604 0  12 0 2.09732 0 -0.737894 0 -0.746158 0 
 0.604 0  12 0 0.712285 0 -0.424467 0 -0.836389 0 
 0.604 0  12 0 2.55233 0 0.005659 0 -0.34694 0 
 0.604 0  12 0 -0.928252 0 -1.68472 0 0.69983 0 
 0.604 0  12 0 -1.32083 0 1.09086 0 -0.487439 0 
 0.604 0  12 0 1.99592 0 -0.683207 0 -0.800457 0 
 0.604 0  12 0 -2.54581 0 -1.02573 0 -0.421921 0 
 0.604 0  12 0 1.94082 0 1.23328 0 -0.314186 0 
 0.604 0  12 0 -1.23326 0 -0.246971 0 0.779953 0 
 0.604 0  12 0 0.409714 0 -1.59844 0 -1.63265 0 
 0.604 0  12 0 -0.965788 0 -1.70246 0 -0.13215 0 
 0.604 0  12 0 1.39254 0 -0.320534 0 -1.78009 0 
 0.604 0  12 0 -0.910982 0 -1.90722 0 0.496247 0 
 0.604 0  12 0 0.267777 0 -1.23171 0 -0.250683 0 
 0.604 0  12 0 2.31038 0 0.680038 0 -1.24175 0 
 0.604 0  12 0 -1.64126 0 -1.10857 0 -1.5756 0 
 0.604 0  12 0 2.34829 0 1.53485 0 -0.595342 0 
 0.604 0  12 0 -2.32381 0 0.102104 0 0.129259 0 
 0.604 0  12 0 0.779755 0 1.68374 0 -0.995653 0 
 0.604 0  12 0 -0.845226 0 -0.579129 0 1.31829 0 
 0.604 0  12 0 -1.15646 0 -1.31789 0 -1.67461 0 
 0.604 0  12 0 -1.49601 0 -0.235533 0 -1.89094 0 
 0.604 0  12 0 0.559117 0 -0.891254 0 1.73331 0 
 0.604 0  12 0 0.300542 0 -2.09 0 0.557393 0 
 0.604 0  12 0 -2.43175 0 -1.24298 0 -0.950932 0 
 0.604 0  12 0 -0.290572 0 -1.2111 0 1.19326 0 
 0.604 0  12 0 1.75615 0 -1.44512 0 -0.281104 0 
 0.604 0  12 0 0.395994 0 -2.07872 0 1.22628 0 
 0.604 0  12 0 -2.03182 0 -0.839978 0 -0.098325 0 
 0.604 0  12 0 -0.758977 0 0.867057 0 0.780806 0 
 0.802 0  0.01 0 -1.22243 0 0.184407 0 1.89037 0 
 0.802 0  0.01 0 0.56744 0 0.641801 0 1.56687 0 
 0.802 0  0.01 0 0.601876 0 1.4697 0 1.04454 0 
 0.802 0  0.01 0 -0.598348 0 -0.495294 0 1.94334 0 
 0.802 0  0.01 0 0.558646 0 0.743042 0 -1.25013 0 
 0.802 0  0.01 0 2.69096 0 0.970701 0 0.483095 0 
 0.802 0  0.01 0 1.18897 0 1.21882 0 1.79301 0 
 0.802 0  0.01 0 -0.998406 0 1.88232 0 1.53568 0 
 0.802 0  0.01 0 0.498216 0 -2.62008 0 -0.229196 0 
 0.802 0  0.01 0 -0.49331 0 0.987538 0 -1.93092 0 
 0.802 0  0.01 0 0.591702 0 -2.03492 0 1.43366 0 
 0.802 0  0.01 0 1.50306 0 0.516746 0 -0.731554 0 
 0.802 0  0.01 0 -0.289452 0 -1.58027 0 1.86733 0 
 0.802 0  0.01 0 1.6625 0 1.1302 0 -0.01653 0 
 0.802 0  0.01 0 -1.89988 0 0.584047 0 -0.47343 0 
 0.802 0  0.01 0 0.536593 0 1.76774 0 0.526631 0 
 0.802 0  0.01 0 -0.684784 0 0.57611 0 0.80233 0 
 0.802 0  0.01 0 0.016975 0 -2.67606 0 0.407498 0 
 0.802 0  0.01 0 0.820247 0 -1.42983 0 1.61495 0 
 0.802 0  0.01 0 0.138349 0 2.14156 0 0.788972 0 
 0.802 0  0.01 0 -0.122827 0 -0.652966 0 1.75576 0 
 0.802 0  0.01 0 1.74662 0 -0.246441 0 1.6718 0 
 0.802 0  0.01 0 -1.24452 0 2.46093 0 0.702708 0 
 0.802 0  0.01 0 1.23788 0 1.19855 0 -0.618865 0 
 0.802 0  0.01 0 -0.258496 0 -2.15385 0 1.21896 0 
 0.802 0  0.01 0 -1.12464 0 1.55889 0 0.663691 0 
 0.802 0  0.01 0 -2.08273 0 0.59855 0 -1.33459 0 
 0.802 0  0.01 0 1.46466 0 -1.78857 0 0.158994 0 
 0.802 0  0.01 0 -2.17466 0 -0.909999 0 0.094299 0 
 0.802 0  0.01 0 1.0024 0 0.62151 0 1.00285 0 
 0.802 0  0.01 0 -1.12352 0 -1.36571 0 1.31762 0 
 0.802 0  0.01 0 2.09732 0 -0.737894 0 -0.746158 0 
 0.802 0  0.01 0 0.712285 0 -0.424467 0 -0.836389 0 
 0.802 0  0.01 0 2.55233 0 0.005659 0 -0.34694 0 
 0.802 0  0.01 0 -0.928252 0 -1.68472 0 0.69983 0 
 0.802 0  0.01 0 -1.32083 0 1.09086 0 -0.487439 0 
 0.802 0  0.01 0 1.99592 0 -0.683207 0 -0.800457 0 
 0.802 0  0.01 0 -2.54581 0 -1.02573 0 -0.421921 0 
 0.802 0  0.01 0 1.94082 0 1.23328 0 -0.314186 0 
 0.802 0  0.01 0 -1.23326 0 -0.246971 0 0.779953 0 
 0.802 0  0.01 0 0.409714 0 -1.59844 0 -1.63265 0 
 0.802 0  0.01 0 -0.965788 0 -1.70246 0 -0.13215 0 
 0.802 0  0.01 0 1.39254 0 -0.320534 0 -1.78009 0 
 0.802 0  0.01 0 -0.910982 0 -1.90722 0 0.496247 0 
 0.802 0  0.01 0 0.267777 0 -1.23171 0 -0.250683 0 
 0.802 0  0.01 0 2.31038 0 0.680038 0 -1.24175 0 
 0.802 0  0.01 0 -1.64126 0 -1.10857 0 -1.5756 0 
 0.802 0  0.01 0 2.34829 0 1.53485 0 -0.595342 0 
 0.802 0  0.01 0 -2.32381 0 0.102104 0 0.129259 0 
 0.802 0  0.01 0 0.779755 0 1.68374 0 -0.995653 0 
 0.802 0  0.01 0 -0.845226 0 -0.579129 0 1.31829 0 
 0.802 0  0.01 0 -1.15646 0 -1.31789 0 -1.67461 0 
 0.802 0  0.01 0 -1.49601 0 -0.235533 0 -1.89094 0 
 0.802 0  0.01 0 0.559117 0 -0.891254 0 1.73331 0 
 0.802 0  0.01 0 0.300542 0 -2.09 0 0.557393 0 
 0.802 0  0.01 0 -2.43175 0 -1.24298 0 -0.950932 0 
 0.802 0  0.01 0 -0.290572 0 -1.2111 0 1.19326 0 
 0.802 0  0.01 0 1.75615 0 -1.44512 0 -0.281104 0 
 0.802 0  0.01 0 0.395994 0 -2.07872 0 1.22628 0 
 0.802 0  0.01 0 -2.03182 0 -0.839978 0 -0.098325 0 
 0.802 0  0.01 0 -0.758977 0 0.867057 0 0.780806 0 
 0.802 0  3.0075 0 -1.22243 0 0.184407 0 1.89037 0 
 0.802 0  3.0075 0 0.56744 0 0.641801 0 1.56687 0 
 0.802 0  3.0075 0 0.601876 0 1.4697 0 1.04454 0 
 0.802 0  3.0075 0 -0.598348 0 -0.495294 0 1.94334 0 
 0.802 0  3.0075 0 0.558646 0 0.743042 0 -1.25013 0 
 0.802 0  3.0075 0 2.69096 0 0.970701 0 0.483095 0 
 0.802 0  3.0075 0 1.18897 0 1.21882 0 1.79301 0 
 0.802 0  3.0075 0 -0.998406 0 1.88232 0 1.53568 0 
 0.802 0  3.0075 0 0.498216 0 -2.62008 0 -0.229196 0 
 0.802 0  3.0075 0 -0.49331 0 0.987538 0 -1.93092 0 
 0.802 0  3.0075 0 0.591702 0 -2.03492 0 1.43366 0 
 0.802 0  3.0075 0 1.50306 0 0.516746 0 -0.731554 0 
 0.802 0  3.0075 0 -0.289452 0 -1.58027 0 1.86733 0 
 0.802 0  3.0075 0 1.6625 0 1.1302 0 -0.01653 0 
 0.802 0  3.0075 0 -1.89988 0 0.584047 0 -0.47343 0 
 0.802 0  3.0075 0 0.536593 0 1.76774 0 0.526631 0 
 0.802 0  3.0075 0 -0.684784 0 0.57611 0 0.80233 0 
 0.802 0  3.0075 0 0.016975 0 -2.67606 0 0.407498 0 
 0.802 0  3.0075 0 0.820247 0 -1.42983 0 1.61495 0 
 0.802 0  3.0075 0 0.138349 0 2.14156 0 0.788972 0 
 0.802 0  3.0075 0 -0.122827 0 -0.652966 0 1.75576 0 
 0.802 0  3.0075 0 1.74662 0 -0.246441 0 1.6718 0 
 0.802 0  3.0075 0 -1.24452 0 2.46093 0 0.702708 0 
 0.802 0  3.0075 0 1.23788 0 1.19855 0 -0.618865 0 
 0.802 0  3.0075 0 -0.258496 0 -2.15385 0 1.21896 0 
 0.802 0  3.0075 0 -1.12464 0 1.55889 0 0.663691 0 
 0.802 0  3.0075 0 -2.08273 0 0.59855 0 -1.33459 0 
 0.802 0  3.0075 0 1.46466 0 -1.78857 0 0.158994 0 
 0.802 0  3.0075 0 -2.17466 0 -0.909999 0 0.094299 0 
 0.802 0  3.0075 0 1.0024 0 0.62151 0 1.00285 0 
 0.802 0  3.0075 0 -1.12352 0 -1.36571 0 1.31762 0 
 0.802 0  3.0075 0 2.09732 0 -0.737894 0 -0.746158 0 
 0.802 0  3.0075 0 0.712285 0 -0.424467 0 -0.836389 0 
 0.802 0  3.0075 0 2.55233 0 0.005659 0 -0.34694 0 
 0.802 0  3.0075 0 -0.928252 0 -1.68472 0 0.69983 0 
 0.802 0  3.0075 0 -1.32083 0 1.09086 0 -0.487439 0 
 0.802 0  3.0075 0 1.99592 0 -0.683207 0 -0.800457 0 
 0.802 0  3.0075 0 -2.54581 0 -1.02573 0 -0.421921 0 
 0.802 0  3.0075 0 1.94082 0 1.23328 0 -0.314186 0 
 0.802 0  3.0075 0 -1.23326 0 -0.246971 0 0.779953 0 
 0.802 0  3.0075 0 0.409714 0 -1.59844 0 -1.63265 0 
 0.802 0  3.0075 0 -0.965788 0 -1.70246 0 -0.13215 0 
 0.802 0  3.0075 0 1.39254 0 -0.320534 0 -1.78009 0 
 0.802 0  3.0075 0 -0.910982 0 -1.90722 0 0.496247 0 
 0.802 0  3.0075 0 0.267777 0 -1.23171 0 -0.250683 0 
 0.802 0  3.0075 0 2.31038 0 0.680038 0 -1.24175 0 
 0.802 0  3.0075 0 -1.64126 0 -1.10857 0 -1.5756 0 
 0.802 0  3.0075 0 2.34829 0 1.53485 0 -0.595342 0 
 0.802 0  3.0075 0 -2.32381 0 0.102104 0 0.129259 0 
 0.802 0  3.0075 0 0.779755 0 1.68374 0 -0.995653 0 
 0.802 0  3.0075 0 -0.845226 0 -0.579129 0 1.31829 0 
 0.802 0  3.0075 0 -1.15646 0 -1.31789 0 -1.67461 0 
 0.802 0  3.0075 0 -1.49601 0 -0.235533 0 -1.89094 0 
 0.802 0  3.0075 0 0.559117 0 -0.891254 0 1.73331 0 
 0.802 0  3.0075 0 0.300542 0 -2.09 0 0.557393 0 
 0.802 0  3.0075 0 -2.43175 0 -1.24298 0 -0.950932 0 
 0.802 0  3.0075 0 -0.290572 0 -1.2111 0 1.19326 0 
 0.802 0  3.0075 0 1.75615 0 -1.44512 0 -0.281104 0 
 0.802 0  3.0075 0 0.395994 0 -2.07872 0 1.22628 0 
 0.802 0  3.0075 0 -2.03182 0 -0.839978 0 -0.098325 0 
 0.802 0  3.0075 0 -0.758977 0 0.867057 0 0.780806 0 
 0.802 0  6.005 0 -1.22243 0 0.184407 0 1.89037 0 
 0.802 0  6.005 0 0.56744 0 0.641801 0 1.56687 0 
 0.802 0  6.005 0 0.601876 0 1.4697 0 1.04454 0 
 0.802 0  6.005 0 -0.598348 0 -0.495294 0 1.94334 0 
 0.802 0  6.005 0 0.558646 0 0.743042 0 -1.25013 0 
 0.802 0  6.005 0 2.69096 0 0.970701 0 0.483095 0 
 0.802 0  6.005 0 1.18897 0 1.21882 0 1.79301 0 
 0.802 0  6.005 0 -0.998406 0 1.88232 0 1.53568 0 
 0.802 0  6.005 0 0.498216 0 -2.62008 0 -0.229196 0 
 0.802 0  6.005 0 -0.49331 0 0.987538 0 -1.93092 0 
 0.802 0  6.005 0 0.591702 0 -2.03492 0 1.43366 0 
 0.802 0  6.005 0 1.50306 0 0.516746 0 -0.731554 0 
 0.802 0  6.005 0 -0.289452 0 -1.58027 0 1.86733 0 
 0.802 0  6.005 0 1.6625 0 1.1302 0 -0.01653 0 
 0.802 0  6.005 0 -1.89988 0 0.584047 0 -0.47343 0 
 0.802 0  6.005 0 0.536593 0 1.76774 0 0.526631 0 
 0.802 0  6.005 0 -0.684784 0 0.57611 0 0.80233 0 
 0.802 0  6.005 0 0.016975 0 -2.67606 0 0.407498 0 
 0.802 0  6.005 0 0.820247 0 -1.42983 0 1.61495 0 
 0.802 0  6.005 0 0.138349 0 2.14156 0 0.788972 0 
 0.802 0  6.005 0 -0.122827 0 -0.652966 0 1.75576 0 
 0.802 0  6.005 0 1.74662 0 -0.246441 0 1.6718 0 
 0.802 0  6.005 0 -1.24452 0 2.46093 0 0.702708 0 
 0.802 0  6.005 0 1.23788 0 1.19855 0 -0.618865 0 
 0.802 0  6.005 0 -0.258496 0 -2.15385 0 1.21896 0 
 0.802 0  6.005 0 -1.12464 0 1.55889 0 0.663691 0 
 0.802 0  6.005 0 -2.08273 0 0.59855 0 -1.33459 0 
 0.802 0  6.005 0 1.46466 0 -1.78857 0 0.158994 0 
 0.802 0  6.005 0 -2.17466 0 -0.909999 0 0.094299 0 
 0.802 0  6.005 0 1.0024 0 0.62151 0 1.00285 0 
 0.802 0  6.005 0 -1.12352 0 -1.36571 0 1.31762 0 
 0.802 0  6.005 0 2.09732 0 -0.737894 0 -0.746158 0 
 0.802 0  6.005 0 0.712285 0 -0.424467 0 -0.836389 0 
 0.802 0  6.005 0 2.55233 0 0.005659 0 -0.34694 0 
 0.802 0  6.005 0 -0.928252 0 -1.68472 0 0.69983 0 
 0.802 0  6.005 0 -1.32083 0 1.09086 0 -0.487439 0 
 0.802 0  6.005 0 1.99592 0 -0.683207 0 -0.800457 0 
 0.802 0  6.005 0 -2.54581 0 -1.02573 0 -0.421921 0 
 0.802 0  6.005 0 1.94082 0 1.23328 0 -0.314186 0 
 0.802 0  6.005 0 -1.23326 0 -0.246971 0 0.779953 0 
 0.802 0  6.005 0 0.409714 0 -1.59844 0 -1.63265 0 
 0.802 0  6.005 0 -0.965788 0 -1.70246 0 -0.13215 0 
 0.802 0  6.005 0 1.39254 0 -0.320534 0 -1.78009 0 
 0.802 0  6.005 0 -0.910982 0 -1.90722 0 0.496247 0 
 0.802 0  6.005 0 0.267777 0 -1.23171 0 -0.250683 0 
 0.802 0  6.005 0 2.31038 0 0.680038 0 -1.24175 0 
 0.802 0  6.005 0 -1.64126 0 -1.10857 0 -1.5756 0 
 0.802 0  6.005 0 2.34829 0 1.53485 0 -0.595342 0 
 0.802 0  6.005 0 -2.32381 0 0.102104 0 0.129259 0 
 0.802 0  6.005 0 0.779755 0 1.68374 0 -0.995653 0 
 0.802 0  6.005 0 -0.845226 0 -0.579129 0 1.31829 0 
 0.802 0  6.005 0 -1.15646 0 -1.31789 0 -1.67461 0 
 0.802 0  6.005 0 -1.49601 0 -0.235533 0 -1.89094 0 
 0.802 0  6.005 0 0.559117 0 -0.891254 0 1.73331 0 
 0.802 0  6.005 0 0.300542 0 -2.09 0 0.557393 0 
 0.802 0  6.005 0 -2.43175 0 -1.24298 0 -0.950932 0 
 0.802 0  6.005 0 -0.290572 0 -1.2111 0 1.19326 0 
 0.802 0  6.005 0 1.75615 0 -1.44512 0 -0.281104 0 
 0.802 0  6.005 0 0.395994 0 -2.07872 0 1.22628 0 
 0.802 0  6.005 0 -2.03182 0 -0.839978 0 -0.098325 0 
 0.802 0  6.005 0 -0.758977 0 0.867057 0 0.780806 0 
 0.802 0  9.0025 0 -1.22243 0 0.184407 0 1.89037 0 
 0.802 0  9.0025 0 0.56744 0 0.641801 0 1.56687 0 
 0.802 0  9.0025 0 0.601876 0 1.4697 0 1.04454 0 
 0.802 0  9.0025 0 -0.598348 0 -0.495294 0 1.94334 0 
 0.802 0  9.0025 0 0.558646 0 0.743042 0 -1.25013 0 
 0.802 0  9.0025 0 2.69096 0 0.970701 0 0.483095 0 
 0.802 0  9.0025 0 1.18897 0 1.21882 0 1.79301 0 
 0.802 0  9.0025 0 -0.998406 0 1.88232 0 1.53568 0 
 0.802 0  9.0025 0 0.498216 0 -2.62008 0 -0.229196 0 
 0.802 0  9.0025 0 -0.49331 0 0.987538 0 -1.93092 0 
 0.802 0  9.0025 0 0.591702 0 -2.03492 0 1.43366 0 
 0.802 0  9.0025 0 1.50306 0 0.516746 0 -0.731554 0 
 0.802 0  9.0025 0 -0.289452 0 -1.58027 0 1.86733 0 
 0.802 0  9.0025 0 1.6625 0 1.1302 0 -0.01653 0 
 0.802 0  9.0025 0 -1.89988 0 0.584047 0 -0.47343 0 
 0.802 0  9.0025 0 0.536593 0 1.76774 0 0.526631 0 
 0.802 0  9.0025 0 -0.684784 0 0.57611 0 0.80233 0 
 0.802 0  9.0025 0 0.016975 0 -2.67606 0 0.407498 0 
 0.802 0  9.0025 0 0.820247 0 -1.42983 0 1.61495 0 
 0.802 0  9.0025 0 0.138349 0 2.14156 0 0.788972 0 
 0.802 0  9.0025 0 -0.122827 0 -0.652966 0 1.75576 0 
 0.802 0  9.0025 0 1.74662 0 -0.246441 0 1.6718 0 
 0.802 0  9.0025 0 -1.24452 0 2.46093 0 0.702708 0 
 0.802 0  9.0025 0 1.23788 0 1.19855 0 -0.618865 0 
 0.802 0  9.0025 0 -0.258496 0 -2.15385 0 1.21896 0 
 0.802 0  9.0025 0 -1.12464 0 1.55889 0 0.663691 0 
 0.802 0  9.0025 0 -2.08273 0 0.59855 0 -1.33459 0 
 0.802 0  9.0025 0 1.46466 0 -1.78857 0 0.158994 0 
 0.802 0  9.0025 0 -2.17466 0 -0.909999 0 0.094299 0 
 0.802 0  9.0025 0 1.0024 0 0.62151 0 1.00285 0 
 0.802 0  9.0025 0 -1.12352 0 -1.36571 0 1.31762 0 
 0.802 0  9.0025 0 2.09732 0 -0.737894 0 -0.746158 0 
 0.802 0  9.0025 0 0.712285 0 -0.424467 0 -0.836389 0 
 0.802 0  9.0025 0 2.55233 0 0.005659 0 -0.34694 0 
 0.802 0  9.0025 0 -0.928252 0 -1.68472 0 0.69983 0 
 0.802 0  9.0025 0 -1.32083 0 1.09086 0 -0.487439 0 
 0.802 0  9.0025 0 1.99592 0 -0.683207 0 -0.800457 0 
 0.802 0  9.0025 0 -2.54581 0 -1.02573 0 -0.421921 0 
 0.802 0  9.0025 0 1.94082 0 1.23328 0 -0.314186 0 
 0.802 0  9.0025 0 -1.23326 0 -0.246971 0 0.779953 0 
 0.802 0  9.0025 0 0.409714 0 -1.59844 0 -1.63265 0 
 0.802 0  9.0025 0 -0.965788 0 -1.70246 0 -0.13215 0 
 0.802 0  9.0025 0 1.39254 0 -0.320534 0 -1.78009 0 
 0.802 0  9.0025 0 -0.910982 0 -1.90722 0 0.496247 0 
 0.802 0  9.0025 0 0.267777 0 -1.23171 0 -0.250683 0 
 0.802 0  9.0025 0 2.31038 0 0.680038 0 -1.24175 0 
 0.802 0  9.0025 0 -1.64126 0 -1.10857 0 -1.5756 0 
 0.802 0  9.0025 0 2.34829 0 1.53485 0 -0.595342 0 
 0.802 0  9.0025 0 -2.32381 0 0.102104 0 0.129259 0 
 0.802 0  9.0025 0 0.779755 0 1.68374 0 -0.995653 0 
 0.802 0  9.0025 0 -0.845226 0 -0.579129 0 1.31829 0 
 0.802 0  9.0025 0 -1.15646 0 -1.31789 0 -1.67461 0 
 0.802 0  9.0025 0 -1.49601 0 -0.235533 0 -1.89094 0 
 0.802 0  9.0025 0 0.559117 0 -0.891254 0 1.73331 0 
 0.802 0  9.0025 0 0.300542 0 -2.09 0 0.557393 0 
 0.802 0  9.0025 0 -2.43175 0 -1.24298 0 -0.950932 0 
 0.802 0  9.0025 0 -0.290572 0 -1.2111 0 1.19326 0 
 0.802 0  9.0025 0 1.75615 0 -1.44512 0 -0.281104 0 
 0.802 0  9.0025 0 0.395994 0 -2.07872 0 1.22628 0 
 0.802 0  9.0025 0 -2.03182 0 -0.839978 0 -0.098325 0 
 0.802 0  9.0025 0 -0.758977 0 0.867057 0 0.780806 0 
 0.802 0  12 0 -1.22243 0 0.184407 0 1.89037 0 
 0.802 0  12 0 0.56744 0 0.641801 0 1.56687 0 
 0.802 0  12 0 0.601876 0 1.4697 0 1.04454 0 
 0.802 0  12 0 -0.598348 0 -0.495294 0 1.94334 0 
 0.802 0  12 0 0.558646 0 0.743042 0 -1.25013 0 
 0.802 0  12 0 2.69096 0 0.970701 0 0.483095 0 
 0.802 0  12 0 1.18897 0 1.21882 0 1.79301 0 
 0.802 0  12 0 -0.998406 0 1.88232 0 1.53568 0 
 0.802 0  12 0 0.498216 0 -2.62008 0 -0.229196 0 
 0.802 0  12 0 -0.49331 0 0.987538 0 -1.93092 0 
 0.802 0  12 0 0.591702 0 -2.03492 0 1.43366 0 
 0.802 0  12 0 1.50306 0 0.516746 0 -0.731554 0 
 0.802 0  12 0 -0.289452 0 -1.58027 0 1.86733 0 
 0.802 0  12 0 1.6625 0 1.1302 0 -0.01653 0 
 0.802 0  12 0 -1.89988 0 0.584047 0 -0.47343 0 
 0.802 0  12 0 0.536593 0 1.76774 0 0.526631 0 
 0.802 0  12 0 -0.684784 0 0.57611 0 0.80233 0 
 0.802 0  12 0 0.016975 0 -2.67606 0 0.407498 0 
 0.802 0  12 0 0.820247 0 -1.42983 0 1.61495 0 
 0.802 0  12 0 0.138349 0 2.14156 0 0.788972 0 
 0.802 0  12 0 -0.122827 0 -0.652966 0 1.75576 0 
 0.802 0  12 0 1.74662 0 -0.246441 0 1.6718 0 
 0.802 0  12 0 -1.24452 0 2.46093 0 0.702708 0 
 0.802 0  12 0 1.23788 0 1.19855 0 -0.618865 0 
 0.802 0  12 0 -0.258496 0 -2.15385 0 1.21896 0 
 0.802 0  12 0 -1.12464 0 1.55889 0 0.663691 0 
 0.802 0  12 0 -2.08273 0 0.59855 0 -1.33459 0 
 0.802 0  12 0 1.46466 0 -1.78857 0 0.158994 0 
 0.802 0  12 0 -2.17466 0 -0.909999 0 0.094299 0 
 0.802 0  12 0 1.0024 0 0.62151 0 1.00285 0 
 0.802 0  12 0 -1.12352 0 -1.36571 0 1.31762 0 
 0.802 0  12 0 2.09732 0 -0.737894 0 -0.746158 0 
 0.802 0  12 0 0.712285 0 -0.424467 0 -0.836389 0 
 0.802 0  12 0 2.55233 0 0.005659 0 -0.34694 0 
 0.802 0  12 0 -0.928252 0 -1.68472 0 0.69983 0 
 0.802 0  12 0 -1.32083 0 1.09086 0 -0.487439 0 
 0.802 0  12 0 1.99592 0 -0.683207 0 -0.800457 0 
 0.802 0  12 0 -2.54581 0 -1.02573 0 -0.421921 0 
 0.802 0  12 0 1.94082 0 1.23328 0 -0.314186 0 
 0.802 0  12 0 -1.23326 0 -0.246971 0 0.779953 0 
 0.802 0  12 0 0.409714 0 -1.59844 0 -1.63265 0 
 0.802 0  12 0 -0.965788 0 -1.70246 0 -0.13215 0 
 0.802 0  12 0 1.39254 0 -0.320534 0 -1.78009 0 
 0.802 0  12 0 -0.910982 0 -1.90722 0 0.496247 0 
 0.802 0  12 0 0.267777 0 -1.23171 0 -0.250683 0 
 0.802 0  12 0 2.31038 0 0.680038 0 -1.24175 0 
 0.802 0  12 0 -1.64126 0 -1.10857 0 -1.5756 0 
 0.802 0  12 0 2.34829 0 1.53485 0 -0.595342 0 
 0.802 0  12 0 -2.32381 0 0.102104 0 0.129259 0 
 0.802 0  12 0 0.779755 0 1.68374 0 -0.995653 0 
 0.802 0  12 0 -0.845226 0 -0.579129 0 1.31829 0 
 0.802 0  12 0 -1.15646 0 -1.31789 0 -1.67461 0 
 0.802 0  12 0 -1.49601 0 -0.235533 0 -1.89094 0 
 0.802 0  12 0 0.559117 0 -0.891254 0 1.73331 0 
 0.802 0  12 0 0.300542 0 -2.09 0 0.557393 0 
 0.802 0  12 0 -2.43175 0 -1.24298 0 -0.950932 0 
 0.802 0  12 0 -0.290572 0 -1.2111 0 1.19326 0 
 0.802 0  12 0 1.75615 0 -1.44512 0 -0.281104 0 
 0.802 0  12 0 0.395994 0 -2.07872 0 1.22628 0 
 0.802 0  12 0 -2.03182 0 -0.839978 0 -0.098325 0 
 0.802 0  12 0 -0.758977 0 0.867057 0 0.780806 0 
 1 0  0.01 0 -1.22243 0 0.184407 0 1.89037 0 
 1 0  0.01 0 0.56744 0 0.641801 0 1.56687 0 
 1 0  0.01 0 0.601876 0 1.4697 0 1.04454 0 
 1 0  0.01 0 -0.598348 0 -0.495294 0 1.94334 0 
 1 0  0.01 0 0.558646 0 0.743042 0 -1.25013 0 
 1 0  0.01 0 2.69096 0 0.970701 0 0.483095 0 
 1 0  0.01 0 1.18897 0 1.21882 0 1.79301 0 
 1 0  0.01 0 -0.998406 0 1.88232 0 1.53568 0 
 1 0  0.01 0 0.498216 0 -2.62008 0 -0.229196 0 
 1 0  0.01 0 -0.49331 0 0.987538 0 -1.93092 0 
 1 0  0.01 0 0.591702 0 -2.03492 0 1.43366 0 
 1 0  0.01 0 1.50306 0 0.516746 0 -0.731554 0 
 1 0  0.01 0 -0.289452 0 -1.58027 0 1.86733 0 
 1 0  0.01 0 1.6625 0 1.1302 0 -0.01653 0 
 1 0  0.01 0 -1.89988 0 0.584047 0 -0.47343 0 
 1 0  0.01 0 0.536593 0 1.76774 0 0.526631 0 
 1 0  0.01 0 -0.684784 0 0.57611 0 0.80233 0 
 1 0  0.01 0 0.016975 0 -2.67606 0 0.407498 0 
 1 0  0.01 0 0.820247 0 -1.42983 0 1.61495 0 
 1 0  0.01 0 0.138349 0 2.14156 0 0.788972 0 
 1 0  0.01 0 -0.122827 0 -0.652966 0 1.75576 0 
 1 0  0.01 0 1.74662 0 -0.246441 0 1.6718 0 
 1 0  0.01 0 -1.24452 0 2.46093 0 0.702708 0 
 1 0  0.01 0 1.23788 0 1.19855 0 -0.618865 0 
 1 0  0.01 0 -0.258496 0 -2.15385 0 1.21896 0 
 1 0  0.01 0 -1.12464 0 1.55889 0 0.663691 0 
 1 0  0.01 0 -2.08273 0 0.59855 0 -1.33459 0 
 1 0  0.01 0 1.46466 0 -1.78857 0 0.158994 0 
 1 0  0.01 0 -2.17466 0 -0.909999 0 0.094299 0 
 1 0  0.01 0 1.0024 0 0.62151 0 1.00285 0 
 1 0  0.01 0 -1.12352 0 -1.36571 0 1.31762 0 
 1 0  0.01 0 2.09732 0 -0.737894 0 -0.746158 0 
 1 0  0.01 0 0.712285 0 -0.424467 0 -0.836389 0 
 1 0  0.01 0 2.55233 0 0.005659 0 -0.34694 0 
 1 0  0.01 0 -0.928252 0 -1.68472 0 0.69983 0 
 1 0  0.01 0 -1.32083 0 1.09086 0 -0.487439 0 
 1 0  0.01 0 1.99592 0 -0.683207 0 -0.800457 0 
 1 0  0.01 0 -2.54581 0 -1.02573 0 -0.421921 0 
 1 0  0.01 0 1.94082 0 1.23328 0 -0.314186 0 
 1 0  0.01 0 -1.23326 0 -0.246971 0 0.779953 0 
 1 0  0.01 0 0.409714 0 -1.59844 0 -1.63265 0 
 1 0  0.01 0 -0.965788 0 -1.70246 0 -0.13215 0 
 1 0  0.01 0 1.39254 0 -0.320534 0 -1.78009 0 
 1 0  0.01 0 -0.910982 0 -1.90722 0 0.496247 0 
 1 0  0.01 0 0.267777 0 -1.23171 0 -0.250683 0 
 1 0  0.01 0 2.31038 0 0.680038 0 -1.24175 0 
 1 0  0.01 0 -1.64126 0 -1.10857 0 -1.5756 0 
 1 0  0.01 0 2.34829 0 1.53485 0 -0.595342 0 
 1 0  0.01 0 -2.32381 0 0.102104 0 0.129259 0 
 1 0  0.01 0 0.779755 0 1.68374 0 -0.995653 0 
 1 0  0.01 0 -0.845226 0 -0.579129 0 1.31829 0 
 1 0  0.01 0 -1.15646 0 -1.31789 0 -1.67461 0 
 1 0  0.01 0 -1.49601 0 -0.235533 0 -1.89094 0 
 1 0  0.01 0 0.559117 0 -0.891254 0 1.73331 0 
 1 0  0.01 0 0.300542 0 -2.09 0 0.557393 0 
 1 0  0.01 0 -2.43175 0 -1.24298 0 -0.950932 0 
 1 0  0.01 0 -0.290572 0 -1.2111 0 1.19326 0 
 1 0  0.01 0 1.75615 0 -1.44512 0 -0.281104 0 
 1 0  0.01 0 0.395994 0 -2.07872 0 1.22628 0 
 1 0  0.01 0 -2.03182 0 -0.839978 0 -0.098325 0 
 1 0  0.01 0 -0.758977 0 0.867057 0 0.780806 0 
 1 0  3.0075 0 -1.22243 0 0.184407 0 1.89037 0 
 1 0  3.0075 0 0.56744 0 0.641801 0 1.56687 0 
 1 0  3.0075 0 0.601876 0 1.4697 0 1.04454 0 
 1 0  3.0075 0 -0.598348 0 -0.495294 0 1.94334 0 
 1 0  3.0075 0 0.558646 0 0.743042 0 -1.25013 0 
 1 0  3.0075 0 2.69096 0 0.970701 0 0.483095 0 
 1 0  3.0075 0 1.18897 0 1.21882 0 1.79301 0 
 1 0  3.0075 0 -0.998406 0 1.88232 0 1.53568 0 
 1 0  3.0075 0 0.498216 0 -2.62008 0 -0.229196 0 
 1 0  3.0075 0 -0.49331 0 0.987538 0 -1.93092 0 
 1 0  3.0075 0 0.591702 0 -2.03492 0 1.43366 0 
 1 0  3.0075 0 1.50306 0 0.516746 0 -0.731554 0 
 1 0  3.0075 0 -0.289452 0 -1.58027 0 1.86733 0 
 1 0  3.0075 0 1.6625 0 1.1302 0 -0.01653 0 
 1 0  3.0075 0 -1.89988 0 0.584047 0 -0.47343 0 
 1 0  3.0075 0 0.536593 0 1.76774 0 0.526631 0 
 1 0  3.0075 0 -0.684784 0 0.57611 0 0.80233 0 
 1 0  3.0075 0 0.016975 0 -2.67606 0 0.407498 0 
 1 0  3.0075 0 0.820247 0 -1.42983 0 1.61495 0 
 1 0  3.0075 0 0.138349 0 2.14156 0 0.788972 0 
 1 0  3.0075 0 -0.122827 0 -0.652966 0 1.75576 0 
 1 0  3.0075 0 1.74662 0 -0.246441 0 1.6718 0 
 1 0  3.0075 0 -1.24452 0 2.46093 0 0.702708 0 
 1 0  3.0075 0 1.23788 0 1.19855 0 -0.618865 0 
 1 0  3.0075 0 -0.258496 0 -2.15385 0 1.21896 0 
 1 0  3.0075 0 -1.12464 0 1.55889 0 0.663691 0 
 1 0  3.0075 0 -2.08273 0 0.59855 0 -1.33459 0 
 1 0  3.0075 0 1.46466 0 -1.78857 0 0.158994 0 
 1 0  3.0075 0 -2.17466 0 -0.909999 0 0.094299 0 
 1 0  3.0075 0 1.0024 0 0.62151 0 1.00285 0 
 1 0  3.0075 0 -1.12352 0 -1.36571 0 1.31762 0 
 1 0  3.0075 0 2.09732 0 -0.737894 0 -0.746158 0 
 1 0  3.0075 0 0.712285 0 -0.424467 0 -0.836389 0 
 1 0  3.0075 0 2.55233 0 0.005659 0 -0.34694 0 
 1 0  3.0075 0 -0.928252 0 -1.68472 0 0.69983 0 
 1 0  3.0075 0 -1.32083 0 1.09086 0 -0.487439 0 
 1 0  3.0075 0 1.99592 0 -0.683207 0 -0.800457 0 
 1 0  3.0075 0 -2.54581 0 -1.02573 0 -0.421921 0 
 1 0  3.0075 0 1.94082 0 1.23328 0 -0.314186 0 
 1 0  3.0075 0 -1.23326 0 -0.246971 0 0.779953 0 
 1 0  3.0075 0 0.409714 0 -1.59844 0 -1.63265 0 
 1 0  3.0075 0 -0.965788 0 -1.70246 0 -0.13215 0 
 1 0  3.0075 0 1.39254 0 -0.320534 0 -1.78009 0 
 1 0  3.0075 0 -0.910982 0 -1.90722 0 0.496247 0 
 1 0  3.0075 0 0.267777 0 -1.23171 0 -0.250683 0 
 1 0  3.0075 0 2.31038 0 0.680038 0 -1.24175 0 
 1 0  3.0075 0 -1.64126 0 -1.10857 0 -1.5756 0 
 1 0  3.0075 0 2.34829 0 1.53485 0 -0.595342 0 
 1 0  3.0075 0 -2.32381 0 0.102104 0 0.129259 0 
 1 0  3.0075 0 0.779755 0 1.68374 0 -0.995653 0 
 1 0  3.0075 0 -0.845226 0 -0.579129 0 1.31829 0 
 1 0  3.0075 0 -1.15646 0 -1.31789 0 -1.67461 0 
 1 0  3.0075 0 -1.49601 0 -0.235533 0 -1.89094 0 
 1 0  3.0075 0 0.559117 0 -0.891254 0 1.73331 0 
 1 0  3.0075 0 0.300542 0 -2.09 0 0.557393 0 
 1 0  3.0075 0 -2.43175 0 -1.24298 0 -0.950932 0 
 1 0  3.0075 0 -0.290572 0 -1.2111 0 1.19326 0 
 1 0  3.0075 0 1.75615 0 -1.44512 0 -0.281104 0 
 1 0  3.0075 0 0.395994 0 -2.07872 0 1.22628 0 
 1 0  3.0075 0 -2.03182 0 -0.839978 0 -0.098325 0 
 1 0  3.0075 0 -0.758977 0 0.867057 0 0.780806 0 
 1 0  6.005 0 -1.22243 0 0.184407 0 1.89037 0 
 1 0  6.005 0 0.56744 0 0.641801 0 1.56687 0 
 1 0  6.005 0 0.601876 0 1.4697 0 1.04454 0 
 1 0  6.005 0 -0.598348 0 -0.495294 0 1.94334 0 
 1 0  6.005 0 0.558646 0 0.743042 0 -1.25013 0 
 1 0  6.005 0 2.69096 0 0.970701 0 0.483095 0 
 1 0  6.005 0 1.18897 0 1.21882 0 1.79301 0 
 1 0  6.005 0 -0.998406 0 1.88232 0 1.53568 0 
 1 0  6.005 0 0.498216 0 -2.62008 0 -0.229196 0 
 1 0  6.005 0 -0.49331 0 0.987538 0 -1.93092 0 
 1 0  6.005 0 0.591702 0 -2.03492 0 1.43366 0 
 1 0  6.005 0 1.50306 0 0.516746 0 -0.731554 0 
 1 0  6.005 0 -0.289452 0 -1.58027 0 1.86733 0 
 1 0  6.005 0 1.6625 0 1.1302 0 -0.01653 0 
 1 0  6.005 0 -1.89988 0 0.584047 0 -0.47343 0 
 1 0  6.005 0 0.536593 0 1.76774 0 0.526631 0 
 1 0  6.005 0 -0.684784 0 0.57611 0 0.80233 0 
 1 0  6.005 0 0.016975 0 -2.67606 0 0.407498 0 
 1 0  6.005 0 0.820247 0 -1.42983 0 1.61495 0 
 1 0  6.005 0 0.138349 0 2.14156 0 0.788972 0 
 1 0  6.005 0 -0.122827 0 -0.652966 0 1.75576 0 
 1 0  6.005 0 1.74662 0 -0.246441 0 1.6718 0 
 1 0  6.005 0 -1.24452 0 2.46093 0 0.702708 0 
 1 0  6.005 0 1.23788 0 1.19855 0 -0.618865 0 
 1 0  6.005 0 -0.258496 0 -2.15385 0 1.21896 0 
 1 0  6.005 0 -1.12464 0 1.55889 0 0.663691 0 
 1 0  6.005 0 -2.08273 0 0.59855 0 -1.33459 0 
 1 0  6.005 0 1.46466 0 -1.78857 0 0.158994 0 
 1 0  6.005 0 -2.17466 0 -0.909999 0 0.094299 0 
 1 0  6.005 0 1.0024 0 0.62151 0 1.00285 0 
 1 0  6.005 0 -1.12352 0 -1.36571 0 1.31762 0 
 1 0  6.005 0 2.09732 0 -0.737894 0 -0.746158 0 
 1 0  6.005 0 0.712285 0 -0.424467 0 -0.836389 0 
 1 0  6.005 0 2.55233 0 0.005659 0 -0.34694 0 
 1 0  6.005 0 -0.928252 0 -1.68472 0 0.69983 0 
 1 0  6.005 0 -1.32083 0 1.09086 0 -0.487439 0 
 1 0  6.005 0 1.99592 0 -0.683207 0 -0.800457 0 
 1 0  6.005 0 -2.54581 0 -1.02573 0 -0.421921 0 
 1 0  6.005 0 1.94082 0 1.23328 0 -0.314186 0 
 1 0  6.005 0 -1.23326 0 -0.246971 0 0.779953 0 
 1 0  6.005 0 0.409714 0 -1.59844 0 -1.63265 0 
 1 0  6.005 0 -0.965788 0 -1.70246 0 -0.13215 0 
 1 0  6.005 0 1.39254 0 -0.320534 0 -1.78009 0 
 1 0  6.005 0 -0.910982 0 -1.90722 0 0.496247 0 
 1 0  6.005 0 0.267777 0 -1.23171 0 -0.250683 0 
 1 0  6.005 0 2.31038 0 0.680038 0 -1.24175 0 
 1 0  6.005 0 -1.64126 0 -1.10857 0 -1.5756 0 
 1 0  6.005 0 2.34829 0 1.53485 0 -0.595342 0 
 1 0  6.005 0 -2.32381 0 0.102104 0 0.129259 0 
 1 0  6.005 0 0.779755 0 1.68374 0 -0.995653 0 
 1 0  6.005 0 -0.845226 0 -0.579129 0 1.31829 0 
 1 0  6.005 0 -1.15646 0 -1.31789 0 -1.67461 0 
 1 0  6.005 0 -1.49601 0 -0.235533 0 -1.89094 0 
 1 0  6.005 0 0.559117 0 -0.891254 0 1.73331 0 
 1 0  6.005 0 0.300542 0 -2.09 0 0.557393 0 
 1 0  6.005 0 -2.43175 0 -1.24298 0 -0.950932 0 
 1 0  6.005 0 -0.290572 0 -1.2111 0 1.19326 0 
 1 0  6.005 0 1.75615 0 -1.44512 0 -0.281104 0 
 1 0  6.005 0 0.395994 0 -2.07872 0 1.22628 0 
 1 0  6.005 0 -2.03182 0 -0.839978 0 -0.098325 0 
 1 0  6.005 0 -0.758977 0 0.867057 0 0.780806 0 
 1 0  9.0025 0 -1.22243 0 0.184407 0 1.89037 0 
 1 0  9.0025 0 0.56744 0 0.641801 0 1.56687 0 
 1 0  9.0025 0 0.601876 0 1.4697 0 1.04454 0 
 1 0  9.0025 0 -0.598348 0 -0.495294 0 1.94334 0 
 1 0  9.0025 0 0.558646 0 0.743042 0 -1.25013 0 
 1 0  9.0025 0 2.69096 0 0.970701 0 0.483095 0 
 1 0  9.0025 0 1.18897 0 1.21882 0 1.79301 0 
 1 0  9.0025 0 -0.998406 0 1.88232 0 1.53568 0 
 1 0  9.0025 0 0.498216 0 -2.62008 0 -0.229196 0 
 1 0  9.0025 0 -0.49331 0 0.987538 0 -1.93092 0 
 1 0  9.0025 0 0.591702 0 -2.03492 0 1.43366 0 
 1 0  9.0025 0 1.50306 0 0.516746 0 -0.731554 0 
 1 0  9.0025 0 -0.289452 0 -1.58027 0 1.86733 0 
 1 0  9.0025 0 1.6625 0 1.1302 0 -0.01653 0 
 1 0  9.0025 0 -1.89988 0 0.584047 0 -0.47343 0 
 1 0  9.0025 0 0.536593 0 1.76774 0 0.526631 0 
 1 0  9.0025 0 -0.684784 0 0.57611 0 0.80233 0 
 1 0  9.0025 0 0.016975 0 -2.67606 0 0.407498 0 
 1 0  9.0025 0 0.820247 0 -1.42983 0 1.61495 0 
 1 0  9.0025 0 0.138349 0 2.14156 0 0.788972 0 
 1 0  9.0025 0 -0.122827 0 -0.652966 0 1.75576 0 
 1 0  9.0025 0 1.74662 0 -0.246441 0 1.6718 0 
 1 0  9.0025 0 -1.24452 0 2.46093 0 0.702708 0 
 1 0  9.0025 0 1.23788 0 1.19855 0 -0.618865 0 
 1 0  9.0025 0 -0.258496 0 -2.15385 0 1.21896 0 
 1 0  9.0025 0 -1.12464 0 1.55889 0 0.663691 0 
 1 0  9.0025 0 -2.08273 0 0.59855 0 -1.33459 0 
 1 0  9.0025 0 1.46466 0 -1.78857 0 0.158994 0 
 1 0  9.0025 0 -2.17466 0 -0.909999 0 0.094299 0 
 1 0  9.0025 0 1.0024 0 0.62151 0 1.00285 0 
 1 0  9.0025 0 -1.12352 0 -1.36571 0 1.31762 0 
 1 0  9.0025 0 2.09732 0 -0.737894 0 -0.746158 0 
 1 0  9.0025 0 0.712285 0 -0.424467 0 -0.836389 0 
 1 0  9.0025 0 2.55233 0 0.005659 0 -0.34694 0 
 1 0  9.0025 0 -0.928252 0 -1.68472 0 0.69983 0 
 1 0  9.0025 0 -1.32083 0 1.09086 0 -0.487439 0 
 1 0  9.0025 0 1.99592 0 -0.683207 0 -0.800457 0 
 1 0  9.0025 0 -2.54581 0 -1.02573 0 -0.421921 0 
 1 0  9.0025 0 1.94082 0 1.23328 0 -0.314186 0 
 1 0  9.0025 0 -1.23326 0 -0.246971 0 0.779953 0 
 1 0  9.0025 0 0.409714 0 -1.59844 0 -1.63265 0 
 1 0  9.0025 0 -0.965788 0 -1.70246 0 -0.13215 0 
 1 0  9.0025 0 1.39254 0 -0.320534 0 -1.78009 0 
 1 0  9.0025 0 -0.910982 0 -1.90722 0 0.496247 0 
 1 0  9.0025 0 0.267777 0 -1.23171 0 -0.250683 0 
 1 0  9.0025 0 2.31038 0 0.680038 0 -1.24175 0 
 1 0  9.0025 0 -1.64126 0 -1.10857 0 -1.5756 0 
 1 0  9.0025 0 2.34829 0 1.53485 0 -0.595342 0 
 1 0  9.0025 0 -2.32381 0 0.102104 0 0.129259 0 
 1 0  9.0025 0 0.779755 0 1.68374 0 -0.995653 0 
 1 0  9.0025 0 -0.845226 0 -0.579129 0 1.31829 0 
 1 0  9.0025 0 -1.15646 0 -1.31789 0 -1.67461 0 
 1 0  9.0025 0 -1.49601 0 -0.235533 0 -1.89094 0 
 1 0  9.0025 0 0.559117 0 -0.891254 0 1.73331 0 
 1 0  9.0025 0 0.300542 0 -2.09 0 0.557393 0 
 1 0  9.0025 0 -2.43175 0 -1.24298 0 -0.950932 0 
 1 0  9.0025 0 -0.290572 0 -1.2111 0 1.19326 0 
 1 0  9.0025 0 1.75615 0 -1.44512 0 -0.281104 0 
 1 0  9.0025 0 0.395994 0 -2.07872 0 1.22628 0 
 1 0  9.0025 0 -2.03182 0 -0.839978 0 -0.098325 0 
 1 0  9.0025 0 -0.758977 0 0.867057 0 0.780806 0 
 1 0  12 0 -1.22243 0 0.184407 0 1.89037 0 
 1 0  12 0 0.56744 0 0.641801 0 1.56687 0 
 1 0  12 0 0.601876 0 1.4697 0 1.04454 0 
 1 0  12 0 -0.598348 0 -0.495294 0 1.94334 0 
 1 0  12 0 0.558646 0 0.743042 0 -1.25013 0 
 1 0  12 0 2.69096 0 0.970701 0 0.483095 0 
 1 0  12 0 1.18897 0 1.21882 0 1.79301 0 
 1 0  12 0 -0.998406 0 1.88232 0 1.53568 0 
 1 0  12 0 0.498216 0 -2.62008 0 -0.229196 0 
 1 0  12 0 -0.49331 0 0.987538 0 -1.93092 0 
 1 0  12 0 0.591702 0 -2.03492 0 1.43366 0 
 1 0  12 0 1.50306 0 0.516746 0 -0.731554 0 
 1 0  12 0 -0.289452 0 -1.58027 0 1.86733 0 
 1 0  12 0 1.6625 0 1.1302 0 -0.01653 0 
 1 0  12 0 -1.89988 0 0.584047 0 -0.47343 0 
 1 0  12 0 0.536593 0 1.76774 0 0.526631 0 
 1 0  12 0 -0.684784 0 0.57611 0 0.80233 0 
 1 0  12 0 0.016975 0 -2.67606 0 0.407498 0 
 1 0  12 0 0.820247 0 -1.42983 0 1.61495 0 
 1 0  12 0 0.138349 0 2.14156 0 0.788972 0 
 1 0  12 0 -0.122827 0 -0.652966 0 1.75576 0 
 1 0  12 0 1.74662 0 -0.246441 0 1.6718 0 
 1 0  12 0 -1.24452 0 2.46093 0 0.702708 0 
 1 0  12 0 1.23788 0 1.19855 0 -0.618865 0 
 1 0  12 0 -0.258496 0 -2.15385 0 1.21896 0 
 1 0  12 0 -1.12464 0 1.55889 0 0.663691 0 
 1 0  12 0 -2.08273 0 0.59855 0 -1.33459 0 
 1 0  12 0 1.46466 0 -1.78857 0 0.158994 0 
 1 0  12 0 -2.17466 0 -0.909999 0 0.094299 0 
 1 0  12 0 1.0024 0 0.62151 0 1.00285 0 
 1 0  12 0 -1.12352 0 -1.36571 0 1.31762 0 
 1 0  12 0 2.09732 0 -0.737894 0 -0.746158 0 
 1 0  12 0 0.712285 0 -0.424467 0 -0.836389 0 
 1 0  12 0 2.55233 0 0.005659 0 -0.34694 0 
 1 0  12 0 -0.928252 0 -1.68472 0 0.69983 0 
 1 0  12 0 -1.32083 0 1.09086 0 -0.487439 0 
 1 0  12 0 1.99592 0 -0.683207 0 -0.800457 0 
 1 0  12 0 -2.54581 0 -1.02573 0 -0.421921 0 
 1 0  12 0 1.94082 0 1.23328 0 -0.314186 0 
 1 0  12 0 -1.23326 0 -0.246971 0 0.779953 0 
 1 0  12 0 0.409714 0 -1.59844 0 -1.63265 0 
 1 0  12 0 -0.965788 0 -1.70246 0 -0.13215 0 
 1 0  12 0 1.39254 0 -0.320534 0 -1.78009 0 
 1 0  12 0 -0.910982 0 -1.90722 0 0.496247 0 
 1 0  12 0 0.267777 0 -1.23171 0 -0.250683 0 
 1 0  12 0 2.31038 0 0.680038 0 -1.24175 0 
 1 0  12 0 -1.64126 0 -1.10857 0 -1.5756 0 
 1 0  12 0 2.34829 0 1.53485 0 -0.595342 0 
 1 0  12 0 -2.32381 0 0.102104 0 0.129259 0 
 1 0  12 0 0.779755 0 1.68374 0 -0.995653 0 
 1 0  12 0 -0.845226 0 -0.579129 0 1.31829 0 
 1 0  12 0 -1.15646 0 -1.31789 0 -1.67461 0 
 1 0  12 0 -1.49601 0 -0.235533 0 -1.89094 0 
 1 0  12 0 0.559117 0 -0.891254 0 1.73331 0 
 1 0  12 0 0.300542 0 -2.09 0 0.557393 0 
 1 0  12 0 -2.43175 0 -1.24298 0 -0.950932 0 
 1 0  12 0 -0.290572 0 -1.2111 0 1.19326 0 
 1 0  12 0 1.75615 0 -1.44512 0 -0.281104 0 
 1 0  12 0 0.395994 0 -2.07872 0 1.22628 0 
 1 0  12 0 -2.03182 0 -0.839978 0 -0.098325 0 
 1 0  12 0 -0.758977 0 0.867057 0 0.780806 0 
